8 0.897024 0.790898 0.0258003 0.064126
8 0.870555 0.638572 0.0181619 0.0458107
8 0.879594 0.689205 0.0218708 0.0621848
3 0.919469 0.738302 0.0137474 0.0282306
3 0.879333 0.413514 0.0129326 0.0218358
3 0.88398 0.572268 0.0100468 0.0222412
3 0.0395791 0.811238 0.0142218 0.0331906
3 0.912016 0.582888 0.0115623 0.0205572
3 0.922576 0.636297 0.0130554 0.0226856
3 0.864574 0.326173 0.0128029 0.0169543
3 0.645323 0.98365 0.0108524 0.025367
3 0.855909 0.525798 0.0138996 0.0243213
3 0.94661 0.761411 0.0124043 0.0270486
3 0.794483 0.226449 0.0130705 0.0183476
3 0.0427937 0.773846 0.013782 0.0275864
3 0.855774 0.553232 0.0113584 0.0207292
3 0.851261 0.435448 0.0143772 0.0197858
4 0.1015 0.613376 0.0183192 0.0514444
3 0.0550469 0.546705 0.0126054 0.0288525
3 0.933618 0.693193 0.0121681 0.0219885
3 0.896108 0.646325 0.0180567 0.0267818
8 0.877767 0.681282 0.0219869 0.059679
3 0.93712 0.714882 0.011446 0.0252201
3 0.931499 0.683362 0.0121491 0.0208793
3 0.914972 0.78148 0.0151747 0.0417131
3 0.363066 0.991403 0.0126182 0.0171938
3 0.619302 0.984931 0.0109009 0.02525
4 0.568881 0.987701 0.0116326 0.0215639
3 0.940096 0.802482 0.0135079 0.0257517
3 0.595006 0.985995 0.0110065 0.0238051
3 0.989159 0.723311 0.0214935 0.0156873
4 0.5438 0.98724 0.0117624 0.0219707
3 0.0659109 0.311163 0.0115516 0.0161293
3 0.0536323 0.576956 0.0113065 0.0280135
3 0.388128 0.990907 0.0118463 0.0181859
3 0.517169 0.98782 0.0111552 0.0209916
3 0.465364 0.988927 0.0104012 0.0184014
3 0.856787 0.273745 0.0117547 0.0161061
3 0.412867 0.990235 0.0121782 0.0195305
3 0.886963 0.740444 0.0146774 0.0308759
3 0.438947 0.990169 0.0111281 0.0196614
3 0.0550691 0.513391 0.0125649 0.0192898
4 0.695407 0.981131 0.0113466 0.0309603
3 0.490967 0.988471 0.0103803 0.0194486
3 0.943167 0.807362 0.0183796 0.0205285
3 0.851607 0.252724 0.0120968 0.0194358
3 0.89847 0.503521 0.0112705 0.022538
3 0.0678818 0.289105 0.0108844 0.0159151
3 0.844078 0.498825 0.0126881 0.0232013
3 0.0649101 0.356248 0.0102003 0.0280784
3 0.464683 0.989976 0.011195 0.0200481
3 0.490203 0.989537 0.0109854 0.0209265
3 0.863919 0.314672 0.0115346 0.0132689
3 0.0542692 0.558771 0.0133514 0.0520038
3 0.0966914 0.771416 0.0131154 0.0245122
3 0.859904 0.302837 0.0112185 0.0178625
8 0.791838 0.754999 0.0496223 0.0267525
