3 0.676808 0.953285 0.0163119 0.0216419
3 0.694239 0.811887 0.0173615 0.0234211
4 0.492299 0.919896 0.0248796 0.0551088
3 0.672114 0.891976 0.0152913 0.0236679
3 0.606362 0.845838 0.0134832 0.020781
3 0.757003 0.945261 0.0167922 0.0225344
3 0.627354 0.808829 0.0166438 0.020123
3 0.266418 0.264601 0.0129682 0.0194256
3 0.769062 0.868119 0.0146581 0.0206314
3 0.628689 0.731119 0.0164402 0.0228537
3 0.318723 0.853958 0.0177613 0.0310228
3 0.655938 0.86473 0.01735 0.0222448
3 0.640453 0.828902 0.0177718 0.0204205
3 0.682062 0.790886 0.0171035 0.024768
3 0.0223234 0.752344 0.0150287 0.0232823
3 0.638213 0.832297 0.0166002 0.0177125
3 0.298957 0.870087 0.0182897 0.0268059
3 0.0274524 0.679247 0.0152579 0.0183776
3 0.923118 0.732471 0.0117065 0.0148575
3 0.668051 0.841434 0.0153784 0.0196653
3 0.986876 0.757468 0.0201317 0.0297852
3 0.48543 0.727899 0.0210869 0.0308963
3 0.644049 0.982921 0.0179307 0.0269708
3 0.645218 0.844547 0.0140698 0.0204967
3 0.966851 0.773783 0.0179241 0.0263283
3 0.969563 0.62882 0.0150452 0.0196172
3 0.620098 0.860616 0.0175224 0.0229632
3 0.722646 0.95104 0.0180571 0.0239852
3 0.632717 0.890952 0.0150206 0.0294973
3 0.716759 0.970749 0.0143749 0.0245614
3 0.396382 0.449797 0.0147287 0.0240868
3 0.915765 0.465919 0.0139496 0.0176689
3 0.956197 0.496448 0.0117082 0.0191816
3 0.748087 0.918019 0.0170553 0.0172703
3 0.80826 0.991198 0.0186245 0.0161753
3 0.708639 0.839673 0.0166288 0.0199403
3 0.99442 0.528225 0.0098602 0.0224621
3 0.281463 0.207016 0.0150015 0.018371
3 0.957734 0.785188 0.0232479 0.0302638
3 0.949387 0.78897 0.0171245 0.0235912
3 0.662841 0.970033 0.0151178 0.0248699
3 0.348488 0.426756 0.0162877 0.0293745
3 0.804187 0.921545 0.0146071 0.0229577
3 0.0130055 0.714884 0.0166617 0.0189505
3 0.606916 0.63917 0.0143461 0.0204323
3 0.232305 0.902764 0.0181871 0.022588
3 0.413255 0.778462 0.0211921 0.0277104
3 0.955789 0.6091 0.0130478 0.0184396
3 0.980059 0.714389 0.0133758 0.0200352
3 0.706559 0.834004 0.0170325 0.0227774
3 0.75354 0.880024 0.0132642 0.0211461
3 0.771716 0.937608 0.0178217 0.0282666
3 0.31496 0.183703 0.0150796 0.0218516
3 0.962471 0.782171 0.0214972 0.0318483
3 0.659297 0.973954 0.016584 0.0241643
3 0.0564316 0.776314 0.0175975 0.0242308
3 0.35127 0.43248 0.0166011 0.0306408
3 0.991928 0.670185 0.0161437 0.0188257
3 0.97965 0.528127 0.0134231 0.0244951
3 0.668985 0.768012 0.0163416 0.0205241
3 0.63934 0.707982 0.0183824 0.0275914
3 0.326519 0.991116 0.0156463 0.017767
3 0.722751 0.956309 0.0205593 0.032172
3 0.651633 0.897401 0.0163914 0.0316006
3 0.969547 0.548905 0.0150806 0.0198983
3 0.689908 0.991408 0.0239954 0.0169151
3 0.647956 0.92426 0.0182899 0.0289667
3 0.992484 0.505967 0.0133249 0.0212251
3 0.00854975 0.672613 0.0145554 0.0196201
3 0.434866 0.506094 0.0142985 0.023504
3 0.954458 0.73829 0.0162693 0.0185604
3 0.656687 0.923451 0.0196327 0.0276188
3 0.329725 0.844663 0.0144261 0.0288531
3 0.409423 0.783292 0.0218428 0.0320004
3 0.716848 0.967944 0.0167923 0.0266502
3 0.00661068 0.661549 0.0132183 0.0227243
3 0.807036 0.888467 0.0158686 0.0320607
3 0.233045 0.251017 0.0144974 0.0204273
3 0.735932 0.974568 0.0145194 0.0204322
3 0.744984 0.992372 0.0193052 0.0152564
3 0.846695 0.889264 0.0176567 0.0209617
3 0.345902 0.0916424 0.0163087 0.016266
3 0.955193 0.563385 0.0147928 0.0196517
3 0.271057 0.190039 0.00928908 0.0157743
3 0.671693 0.957882 0.0154268 0.0262571
3 0.479361 0.549536 0.0177593 0.0253804
3 0.34721 0.212477 0.0173182 0.023262
3 0.785772 0.887657 0.0133249 0.0214342
3 0.633547 0.893741 0.0124352 0.0305143
3 0.989793 0.708007 0.0172682 0.0185744
3 0.304827 0.136051 0.015358 0.019074
3 0.315163 0.131671 0.0126369 0.0182132
3 0.300709 0.908114 0.0174227 0.026623
8 0.323328 0.452573 0.0170719 0.041726
3 0.964441 0.6942 0.0134758 0.0165245
3 0.955234 0.500332 0.010805 0.0198678
3 0.227429 0.30299 0.0110179 0.0191938
3 0.739897 0.97648 0.0161162 0.0200444
4 0.341838 0.980477 0.0199249 0.0296441
3 0.663123 0.922034 0.0187132 0.0252013
3 0.0855698 0.743194 0.0196214 0.0199945
3 0.605318 0.605151 0.0153229 0.0264186
3 0.79322 0.973013 0.0152053 0.0214074
3 0.995175 0.702209 0.00925447 0.0197566
3 0.0831388 0.696346 0.017982 0.0194633
3 0.722768 0.862716 0.0175573 0.0243827
4 0.357132 0.537355 0.0166809 0.0245756
3 0.3194 0.175495 0.0134152 0.0215938
3 0.408951 0.229039 0.0123259 0.0184445
3 0.964484 0.731206 0.0144749 0.0169035
3 0.31997 0.228574 0.014333 0.0211599
3 0.615373 0.855717 0.0173851 0.0215408
3 0.636282 0.990439 0.018071 0.0190052
3 0.773523 0.971518 0.0148491 0.0252149
3 0.585276 0.621218 0.0154524 0.0235438
3 0.302016 0.858591 0.0184585 0.032558
4 0.960061 0.780826 0.0225166 0.0344202
3 0.939078 0.330886 0.00999184 0.0141994
3 0.583762 0.807137 0.0155426 0.0236262
3 0.182852 0.358528 0.0124892 0.0172195
3 0.353042 0.100977 0.0137344 0.0151422
3 0.0975323 0.769897 0.0176629 0.0187948
3 0.327655 0.175659 0.0162959 0.0221981
3 0.363243 0.414515 0.00927991 0.025104
3 0.945258 0.486182 0.00852449 0.0144705
3 0.893809 0.845866 0.0165314 0.0230797
3 0.248434 0.252303 0.0143344 0.0183935
3 0.694545 0.896935 0.0143828 0.0202882
3 0.919735 0.459817 0.0111748 0.0178353
3 0.777144 0.973406 0.0145102 0.0235832
3 0.936332 0.815778 0.0127062 0.025158
3 0.221137 0.925994 0.0179335 0.0228244
3 0.62241 0.714269 0.0135824 0.0242762
3 0.911535 0.86147 0.0215637 0.0237181
3 0.990972 0.989428 0.0167194 0.0189511
3 0.351084 0.169054 0.0151076 0.0197774
3 0.622628 0.879126 0.0161273 0.0199315
