3 0.398046 0.519094 0.0207897 0.0144672
3 0.54333 0.728237 0.0169181 0.0142504
3 0.561426 0.618258 0.0196046 0.0149958
3 0.323879 0.193855 0.0193891 0.0129283
3 0.563398 0.877086 0.022348 0.0158051
3 0.488646 0.0808297 0.0218207 0.0154745
3 0.428301 0.515418 0.0215064 0.0162543
3 0.450952 0.154723 0.0194296 0.0142079
3 0.670405 0.94622 0.0253345 0.0158303
3 0.671436 0.868954 0.0209767 0.0145073
3 0.707076 0.59022 0.0196087 0.0161002
3 0.268012 0.232133 0.0179726 0.0136177
3 0.184252 0.501884 0.0184163 0.0159711
3 0.541524 0.0414921 0.0227694 0.013592
3 0.846907 0.682875 0.0175798 0.0142647
3 0.301399 0.371673 0.0203157 0.0138103
3 0.265456 0.316463 0.0176702 0.012814
3 0.675075 0.544513 0.0199218 0.014281
3 0.342532 0.382232 0.019774 0.0138715
3 0.506542 0.588531 0.0180937 0.0140563
3 0.862397 0.722676 0.0203276 0.0168373
3 0.231856 0.305479 0.0176741 0.0133354
8 0.425597 0.635675 0.0467984 0.0492063
3 0.599387 0.496724 0.0215604 0.0142134
3 0.714798 0.734946 0.0179468 0.014273
3 0.566093 0.0837539 0.0206832 0.0106635
3 0.395521 0.13968 0.0250587 0.01235
3 0.549839 0.566937 0.0178289 0.0149809
3 0.579859 0.751744 0.0155873 0.0161279
3 0.625222 0.661957 0.0174313 0.0144642
3 0.630122 0.558628 0.0179556 0.0129511
3 0.413645 0.15945 0.021443 0.0135095
3 0.496863 0.619563 0.0180317 0.0139699
3 0.606326 0.866223 0.0231491 0.0153095
3 0.543164 0.445618 0.0201612 0.0135126
3 0.739172 0.659361 0.0164929 0.0152634
3 0.532481 0.689642 0.0178767 0.015039
3 0.467152 0.981194 0.024081 0.0162724
3 0.712802 0.764964 0.016925 0.0152744
3 0.655285 0.0434785 0.0239064 0.0137326
3 0.033718 0.240092 0.0191674 0.0134611
3 0.464139 0.580859 0.0211595 0.0168943
3 0.393601 0.428714 0.023221 0.017277
3 0.447723 0.498379 0.0212336 0.0158838
3 0.466401 0.73044 0.0171846 0.015101
3 0.193278 0.556294 0.0235688 0.0222283
3 0.548553 0.934327 0.0255059 0.0191609
3 0.584392 0.603473 0.0220534 0.0155315
3 0.172468 0.53099 0.021403 0.0177304
3 0.604643 0.690961 0.0169423 0.0152931
3 0.516155 0.642106 0.0200945 0.0164343
3 0.291041 0.270087 0.0171697 0.0145892
3 0.0710139 0.261679 0.0162087 0.0146294
3 0.487768 0.51152 0.0221403 0.0154926
3 0.359269 0.481803 0.022673 0.0158592
3 0.505015 0.971818 0.0248847 0.015327
3 0.484542 0.450896 0.0219459 0.0148004
3 0.548743 0.659746 0.01778 0.0170803
3 0.31764 0.149691 0.0243475 0.0155026
3 0.619883 0.930514 0.0229377 0.0163246
3 0.401981 0.606398 0.0227314 0.0157612
3 0.257349 0.208032 0.0174343 0.0130652
3 0.162561 0.398417 0.0199387 0.0167916
3 0.209619 0.238533 0.0193648 0.0170451
3 0.297167 0.237042 0.0157652 0.0135224
3 0.489162 0.925288 0.0235541 0.0156208
3 0.516348 0.930447 0.0219163 0.0172371
3 0.367655 0.114851 0.0177881 0.0120523
3 0.633919 0.814111 0.0171601 0.0160446
3 0.13192 0.478858 0.0230016 0.0208099
3 0.637091 0.681874 0.0188347 0.0167124
3 0.561458 0.419197 0.026345 0.0126213
3 0.426716 0.366148 0.0176472 0.0133566
3 0.0245124 0.341476 0.0204856 0.0198216
3 0.294524 0.139681 0.0210212 0.0119835
3 0.362592 0.139731 0.0177014 0.0115728
3 0.631833 0.987759 0.0260909 0.0190887
3 0.29474 0.192952 0.0183207 0.0141274
3 0.793582 0.965453 0.0263527 0.0181992
3 0.644694 0.773282 0.0180155 0.0155775
3 0.608142 0.627318 0.0174876 0.015107
3 0.642288 0.712151 0.0184905 0.0157371
3 0.433454 0.0933913 0.0203771 0.0129252
3 0.324601 0.395397 0.0197973 0.0154883
3 0.363852 0.738379 0.0267951 0.0150288
3 0.713132 0.705419 0.0183098 0.0175425
3 0.431838 0.109841 0.0200427 0.0122076
3 0.55084 0.106687 0.0233003 0.0123032
3 0.468376 0.409827 0.0211095 0.016325
3 0.610163 0.722053 0.0190974 0.0173742
3 0.519123 0.567719 0.0177364 0.013739
3 0.379062 0.0966893 0.0204798 0.0127237
3 0.744793 0.764597 0.016476 0.0179138
3 0.699689 0.621321 0.021867 0.0160271
3 0.528814 0.549156 0.0214249 0.0130119
3 0.555813 0.837241 0.0203136 0.0156061
3 0.19728 0.269804 0.0190874 0.017443
3 0.638556 0.524262 0.0194601 0.0127929
3 0.652392 0.0137118 0.025949 0.0158171
3 0.410633 0.070459 0.0177749 0.0123646
3 0.475582 0.906918 0.0221168 0.0174685
3 0.609545 0.786037 0.0194144 0.0196794
3 0.780832 0.745943 0.0193775 0.0151079
3 0.294327 0.310566 0.0172043 0.0160027
3 0.828646 0.872985 0.0230574 0.0189434
3 0.56931 0.678475 0.018277 0.0212416
3 0.459411 0.69601 0.0179204 0.0143934
3 0.257369 0.690267 0.0254422 0.0178629
3 0.61774 0.257265 0.0202032 0.0192963
3 0.243291 0.335005 0.0187241 0.0128244
3 0.498975 0.872369 0.0226496 0.0172131
3 0.657093 0.177526 0.020568 0.0196521
3 0.255906 0.354134 0.0214203 0.0141143
3 0.223865 0.203524 0.021985 0.0180097
3 0.313943 0.349448 0.0207537 0.0152284
3 0.691243 0.0426415 0.0216914 0.0142973
3 0.862754 0.912176 0.024104 0.0150444
3 0.446179 0.186023 0.0172692 0.0137547
3 0.481564 0.0422875 0.0212402 0.0112234
3 0.64918 0.599584 0.0240111 0.0187446
3 0.701068 0.878874 0.0192753 0.0159508
3 0.406314 0.744907 0.0232145 0.0149107
3 0.646845 0.738223 0.017659 0.0143839
3 0.450511 0.475603 0.0218881 0.0133574
3 0.443931 0.0580749 0.0183304 0.0124627
3 0.592236 0.00386811 0.025003 0.00773622
3 0.780883 0.784804 0.0167206 0.0155298
3 0.238133 0.370425 0.0215402 0.0121246
3 0.39204 0.234867 0.0178611 0.0133893
3 0.260196 0.496394 0.0273271 0.0142065
3 0.126448 0.35757 0.0227686 0.0157408
3 0.673566 0.390787 0.0238472 0.0142797
3 0.554584 0.518038 0.0219856 0.0174928
3 0.591192 0.547813 0.021504 0.0177166
3 0.518428 0.0939555 0.0211233 0.0111547
3 0.682684 0.124016 0.0191438 0.012485
3 0.586691 0.993579 0.0248773 0.0124065
3 0.373874 0.20919 0.0174442 0.0130313
3 0.350278 0.166514 0.0207001 0.0147263
3 0.466677 0.124031 0.0193417 0.0125842
3 0.153506 0.0829335 0.0194997 0.0126033
3 0.592577 0.824336 0.0208297 0.016444
3 0.516674 0.453481 0.0206365 0.0147639
3 0.658361 0.373494 0.0267424 0.01289
3 0.444662 0.259369 0.0166453 0.0124783
3 0.422699 0.181433 0.0185313 0.0132203
3 0.360151 0.240901 0.0171784 0.0118839
3 0.619873 0.304673 0.0181712 0.0170266
3 0.609046 0.72429 0.0171613 0.0148394
3 0.169986 0.0420723 0.024334 0.00976092
3 0.684709 0.602918 0.0211265 0.0175764
3 0.623047 0.322016 0.0165464 0.0157524
3 0.425267 0.228398 0.0198503 0.0138836
3 0.50889 0.116813 0.0107513 0.0106788
3 0.400466 0.211985 0.0170462 0.0144681
3 0.359289 0.576187 0.0261292 0.0140033
3 0.613451 0.537062 0.0228138 0.0138894
3 0.746298 0.157009 0.0165959 0.014323
3 0.70617 0.804267 0.0180271 0.0156555
