8 0.156812 0.882742 0.0638853 0.0744563
3 0.378408 0.826909 0.0191602 0.0233393
8 0.224544 0.824817 0.0429115 0.0527124
3 0.499166 0.8455 0.0166778 0.0235605
3 0.509689 0.914925 0.0195787 0.0256052
3 0.299324 0.855647 0.0282088 0.026242
3 0.157779 0.844807 0.0281667 0.0270849
3 0.228012 0.876014 0.0199508 0.0208912
3 0.271147 0.883857 0.0290797 0.0346312
3 0.11514 0.905546 0.0233879 0.0283108
3 0.22308 0.910759 0.0257832 0.0327428
3 0.383199 0.75691 0.0156206 0.0197359
3 0.547811 0.973237 0.0322436 0.0280987
3 0.364347 0.850732 0.0220556 0.0243157
3 0.309151 0.875149 0.0272792 0.0282532
3 0.367069 0.778779 0.018349 0.0222199
3 0.271824 0.807781 0.0192826 0.0229262
3 0.286706 0.904224 0.0303114 0.0303555
3 0.26927 0.773308 0.0194509 0.0222037
3 0.40061 0.76152 0.0154745 0.021373
3 0.86377 0.789472 0.0318833 0.0154556
3 0.35617 0.816965 0.020083 0.0224668
3 0.318661 0.833914 0.0223734 0.0257216
3 0.307701 0.809881 0.0190398 0.0220483
3 0.344209 0.694055 0.0131749 0.0134396
3 0.381804 0.708028 0.0201167 0.0204109
3 0.253581 0.824974 0.0224739 0.0259219
3 0.404124 0.692113 0.0167914 0.0144896
3 0.401433 0.732319 0.0134045 0.0190956
3 0.408042 0.655046 0.0118462 0.0140122
3 0.320509 0.757531 0.0159865 0.0194456
3 0.334365 0.769855 0.0174292 0.0215336
3 0.322424 0.795694 0.018198 0.0240183
3 0.254875 0.793074 0.0204958 0.0226798
3 0.513626 0.704938 0.0125504 0.0169873
3 0.37146 0.795966 0.0195248 0.0248299
3 0.205943 0.874688 0.0246498 0.0255253
3 0.35156 0.795055 0.0174622 0.0235185
3 0.439655 0.644996 0.0148512 0.0129815
3 0.294069 0.809028 0.0215273 0.0226556
3 0.0996855 0.872667 0.034055 0.029338
8 0.261219 0.852472 0.0474583 0.0422724
3 0.294855 0.793017 0.0189455 0.0209962
3 0.371366 0.672346 0.0128232 0.0145553
3 0.316635 0.830472 0.0219645 0.0272501
3 0.308061 0.823534 0.0224368 0.022886
3 0.334738 0.739507 0.0147566 0.0207328
3 0.247499 0.879252 0.025994 0.0309909
3 0.254468 0.772066 0.0176158 0.0185296
3 0.917571 0.743597 0.014162 0.0185092
3 0.349415 0.754986 0.0154768 0.017188
3 0.36795 0.730088 0.0180179 0.0185575
3 0.333686 0.817925 0.0189797 0.0213791
3 0.292792 0.832611 0.0238514 0.024469
3 0.373637 0.793616 0.0220627 0.0257997
3 0.311878 0.740967 0.0162724 0.0177891
3 0.301535 0.774173 0.0185621 0.0221648
3 0.388686 0.68411 0.0152473 0.0169394
3 0.452218 0.629535 0.013697 0.012717
3 0.389003 0.707212 0.0145631 0.0187208
3 0.174206 0.900728 0.0352196 0.0311145
3 0.328638 0.693533 0.0122868 0.0159555
3 0.34725 0.723537 0.0159971 0.0182256
3 0.421214 0.642973 0.00981865 0.0114583
3 0.283649 0.779391 0.0186371 0.0210967
3 0.278638 0.8109 0.0181496 0.0205745
3 0.33776 0.81527 0.0238463 0.0231739
3 0.334786 0.765015 0.0155765 0.0238077
3 0.409284 0.652386 0.0114945 0.0155131
0 0.0425188 0.965693 0.0107854 0.0297412
3 0.340504 0.837816 0.0227051 0.0269529
3 0.390286 0.675072 0.0166543 0.0165907
3 0.303363 0.759217 0.0169695 0.0194458
3 0.315666 0.739567 0.0194517 0.0171631
3 0.393999 0.774545 0.0143186 0.020516
3 0.392752 0.687897 0.0132974 0.0148631
3 0.34607 0.742617 0.0172998 0.019869
3 0.282179 0.755231 0.0178974 0.0162048
3 0.014912 0.907371 0.0296034 0.0286067
3 0.298941 0.728283 0.0161463 0.0159865
3 0.259487 0.805425 0.0249011 0.0222596
3 0.234951 0.845087 0.0263075 0.0251091
3 0.320138 0.778122 0.0176841 0.0218034
3 0.299045 0.775463 0.0170622 0.0212923
3 0.292094 0.744442 0.0184042 0.0181919
3 0.429641 0.661341 0.0175701 0.0139429
3 0.372953 0.65766 0.0125542 0.0148208
3 0.354558 0.670273 0.0121092 0.0144855
3 0.318496 0.802795 0.0185886 0.0285722
3 0.471315 0.620968 0.0100965 0.0141391
3 0.486928 0.586594 0.0156565 0.0102542
3 0.340966 0.675007 0.0140027 0.0168266
3 0.416625 0.677906 0.0154539 0.0181428
8 0.431209 0.677001 0.0209325 0.0296831
3 0.302439 0.7311 0.0168037 0.0172399
3 0.451247 0.655751 0.0135094 0.0134003
3 0.286544 0.782776 0.0233207 0.0233671
0 0.0304928 0.973968 0.00785079 0.0237454
3 0.335957 0.730207 0.0137213 0.0168347
3 0.289993 0.828424 0.0228923 0.0288563
3 0.410225 0.682647 0.0132238 0.0137933
3 0.449729 0.626912 0.013914 0.0119903
3 0.282745 0.785839 0.022484 0.0219625
3 0.285578 0.746438 0.016559 0.0181117
3 0.548224 0.719216 0.0163431 0.0201966
3 0.410641 0.679649 0.0145592 0.0143152
3 0.383932 0.710655 0.0178915 0.0198314
3 0.386488 0.781575 0.0147107 0.021957
3 0.341253 0.721812 0.0161551 0.0156516
3 0.201387 0.87433 0.0309099 0.0277422
3 0.376856 0.72002 0.0161006 0.0179719
3 0.490875 0.595756 0.0105034 0.012573
