8 0.879689 0.691268 0.0226625 0.0656938
8 0.897442 0.790838 0.0259628 0.0642574
3 0.883819 0.57211 0.0112113 0.0235697
8 0.871207 0.638848 0.0188751 0.0476523
3 0.879209 0.412833 0.0129477 0.0230049
3 0.911833 0.583018 0.0120899 0.023339
3 0.864296 0.325759 0.0125809 0.0183958
3 0.794405 0.226424 0.0148205 0.0217222
3 0.921432 0.634599 0.0127762 0.0220811
3 0.851135 0.434963 0.0146427 0.0201538
3 0.919465 0.737384 0.0135069 0.0274972
5 0.101346 0.613339 0.0181058 0.0509121
3 0.0552789 0.512122 0.0120027 0.0214436
3 0.0553557 0.546064 0.0119703 0.0276518
3 0.0429759 0.772204 0.0128948 0.0267981
3 0.0533093 0.577876 0.0104512 0.0263669
3 0.855623 0.552644 0.0117462 0.0208655
3 0.0393992 0.811891 0.0129395 0.0300385
3 0.0604607 0.795093 0.0112323 0.0242004
3 0.855888 0.27218 0.0112602 0.0176812
3 0.0650387 0.309882 0.0110291 0.0184394
3 0.933834 0.694882 0.0117111 0.0225803
3 0.9375 0.717072 0.010928 0.0243756
3 0.0966244 0.771032 0.0128244 0.0245307
3 0.930807 0.679594 0.0114109 0.0185697
3 0.840635 0.472494 0.0110415 0.0236976
3 0.0569631 0.491379 0.0103212 0.0186531
3 0.851638 0.251271 0.0117311 0.0197821
3 0.0543299 0.553287 0.0115346 0.0254319
3 0.899212 0.503619 0.0127006 0.0231875
3 0.835299 0.442162 0.0121608 0.0233766
3 0.859986 0.303037 0.010348 0.0197913
3 0.112055 0.444981 0.0106135 0.0201887
3 0.939921 0.803033 0.0131436 0.0269524
3 0.904173 0.54351 0.00935322 0.0232221
5 0.914226 0.779548 0.0175716 0.0483481
3 0.796785 0.163164 0.0116199 0.0205662
3 0.057073 0.47239 0.0107199 0.0192192
3 0.844345 0.499035 0.0124782 0.0223242
3 0.826518 0.314679 0.0120151 0.0223836
3 0.914614 0.780209 0.0162941 0.0462777
3 0.517181 0.988271 0.0103838 0.0216167
3 0.942086 0.805113 0.0162514 0.0232742
3 0.859744 0.290344 0.012219 0.0177021
3 0.895765 0.646459 0.0185581 0.0269175
3 0.0682419 0.290112 0.011912 0.0163943
3 0.0644855 0.358309 0.010157 0.0321178
3 0.946473 0.761591 0.0129368 0.0282312
3 0.0747027 0.166011 0.0118829 0.0177632
3 0.0439771 0.731941 0.0111129 0.0228833
8 0.905514 0.788347 0.0149548 0.061709
3 0.855855 0.525681 0.0144604 0.0243803
8 0.877747 0.668405 0.022279 0.0628811
3 0.848869 0.435417 0.013779 0.0202374
3 0.901682 0.521264 0.0107983 0.0204186
3 0.91297 0.521909 0.00907573 0.0209251
