3 0.690025 0.991156 0.0261088 0.0176879
3 0.756716 0.945316 0.018728 0.0219751
3 0.747254 0.918725 0.0191861 0.0181751
3 0.630476 0.731988 0.0146881 0.0203114
3 0.314806 0.184882 0.0167378 0.0196453
3 0.0131149 0.714072 0.0187232 0.0196613
3 0.69397 0.811284 0.019216 0.0234013
3 0.638313 0.830262 0.018119 0.0187866
3 0.681914 0.79019 0.0180444 0.0248462
3 0.626766 0.810211 0.0186842 0.0206304
3 0.675853 0.954096 0.016812 0.0190354
3 0.659376 0.975007 0.0168202 0.0240047
3 0.328248 0.175357 0.0168184 0.0206527
3 0.956314 0.497108 0.0131138 0.0209232
3 0.669624 0.768795 0.0180575 0.0221453
3 0.606586 0.845772 0.0144759 0.0200654
3 0.64503 0.982845 0.0177968 0.0272318
3 0.968606 0.628542 0.0151741 0.019663
3 0.915868 0.863476 0.023151 0.0266818
3 0.0559255 0.77449 0.0175636 0.0232692
3 0.99434 0.527249 0.010626 0.0234983
3 0.745901 0.991318 0.0209976 0.017364
3 0.0273376 0.677483 0.0169052 0.020873
3 0.614873 0.783126 0.0154935 0.0206092
3 0.0229191 0.752504 0.0154376 0.0224125
3 0.342559 0.157105 0.0153291 0.0165411
3 0.673205 0.958043 0.0177118 0.0217798
3 0.672064 0.891439 0.0153188 0.0223415
3 0.970462 0.768533 0.0172291 0.0230203
3 0.915244 0.465524 0.0156075 0.0170104
3 0.980511 0.530871 0.0135632 0.0212539
3 0.71696 0.972309 0.0176992 0.0245857
3 0.913013 0.860379 0.0234629 0.0262305
3 0.92364 0.733227 0.0119019 0.0156237
3 0.707076 0.831894 0.0190737 0.0216871
3 0.722214 0.953585 0.0210323 0.0237757
3 0.646409 0.846366 0.0150149 0.0190671
3 0.807579 0.9915 0.0209286 0.0169997
3 0.656702 0.86551 0.01794 0.0217688
3 0.266801 0.264567 0.0148277 0.0187523
3 0.769388 0.868841 0.0151419 0.0201591
3 0.960309 0.782405 0.0223702 0.0303329
3 0.99151 0.669782 0.0169802 0.0200389
3 0.804254 0.468705 0.018634 0.0165837
3 0.979562 0.714393 0.0150926 0.0198628
3 0.31655 0.131466 0.0124197 0.017999
4 0.632367 0.890622 0.0161835 0.0284968
3 0.950277 0.790569 0.0186169 0.0236461
3 0.619931 0.860089 0.0212405 0.0217305
3 0.607679 0.638882 0.0160219 0.0214979
3 0.662395 0.971565 0.0155153 0.0246111
3 0.232852 0.90344 0.0178621 0.0195773
3 0.332359 0.12644 0.0144738 0.0171394
3 0.281364 0.20627 0.0152085 0.0192776
3 0.737158 0.973962 0.0165204 0.0208529
3 0.351017 0.171401 0.0153642 0.0179628
3 0.754907 0.88115 0.0147396 0.0171589
3 0.710296 0.840748 0.0186459 0.0205006
3 0.95541 0.609665 0.0151234 0.0196258
3 0.970101 0.548736 0.0150793 0.0195159
3 0.583711 0.805494 0.0152011 0.0213811
3 0.95514 0.562234 0.0163834 0.0192129
3 0.639265 0.987797 0.0197037 0.0244052
3 0.363966 0.115251 0.0170102 0.0133347
3 0.991785 0.506136 0.0150852 0.0235357
4 0.966549 0.919146 0.024437 0.0351757
3 0.91087 0.989688 0.0158405 0.0206234
3 0.00908619 0.673144 0.0155521 0.0213222
4 0.969869 0.898454 0.0238247 0.0299392
3 0.956618 0.787394 0.0240524 0.0280445
3 0.793011 0.975483 0.0165109 0.0223487
3 0.271169 0.191614 0.00996356 0.0162683
3 0.964345 0.696463 0.0153038 0.0177585
3 0.846992 0.890075 0.0181932 0.019837
3 0.857242 0.989452 0.0263231 0.0196724
3 0.316838 0.856126 0.014575 0.0263283
3 0.702846 0.925461 0.0196204 0.0163358
3 0.364152 0.190166 0.0143878 0.0172731
3 0.621442 0.71275 0.0126545 0.0226193
4 0.633702 0.893949 0.0163657 0.0314571
3 0.887769 0.991337 0.0213219 0.0173259
3 0.988402 0.990963 0.0216568 0.0180737
3 0.084098 0.743081 0.0197368 0.019285
3 0.898143 0.456192 0.0112854 0.0147227
3 0.73965 0.975548 0.0180739 0.0195586
3 0.41404 0.776557 0.0182472 0.0255436
3 0.691979 0.879282 0.0199311 0.0179724
3 0.304273 0.135915 0.0158232 0.0195012
3 0.777238 0.973107 0.0187604 0.0243648
3 0.281646 0.186051 0.0148652 0.0163435
3 0.977876 0.641699 0.0153969 0.0239986
3 0.636776 0.990061 0.0211859 0.0198787
3 0.953201 0.738877 0.0165588 0.0203407
3 0.987545 0.7557 0.021231 0.0285556
3 0.936396 0.815883 0.0134937 0.0247728
3 0.829504 0.92131 0.0217289 0.0210525
3 0.3692 0.209983 0.0146789 0.0173016
3 0.32183 0.172197 0.0165035 0.017962
3 0.89568 0.846235 0.0162174 0.0246015
3 0.718152 0.852397 0.0186411 0.021552
3 0.693813 0.896862 0.0173346 0.018062
3 0.605539 0.768592 0.0140426 0.021199
3 0.639496 0.709153 0.0180999 0.0256677
3 0.988248 0.710051 0.0185515 0.0188548
3 0.938288 0.330717 0.0123745 0.0169304
3 0.945578 0.485896 0.0104305 0.0156024
3 0.221011 0.922837 0.0174641 0.0202473
3 0.805204 0.923331 0.0154037 0.0218668
4 0.651883 0.897656 0.0162454 0.0287515
3 0.572434 0.770278 0.015851 0.0230763
3 0.313581 0.18165 0.0161731 0.0218764
3 0.409073 0.227874 0.0119907 0.017862
3 0.654123 0.926487 0.0226287 0.0250337
3 0.977564 0.76049 0.0161591 0.0287639
3 0.664139 0.92444 0.0198782 0.0197535
3 0.00676182 0.659885 0.0135039 0.0239021
3 0.808226 0.887994 0.0159294 0.0295321
3 0.633267 0.892922 0.0169135 0.0279776
3 0.668052 0.842878 0.0174918 0.017677
8 0.861859 0.156673 0.032403 0.0258891
3 0.129126 0.338885 0.0166102 0.0167278
3 0.297195 0.869957 0.0133741 0.0230569
3 0.0836482 0.695447 0.0189937 0.0204436
3 0.915937 0.835923 0.0205074 0.025471
3 0.841806 0.181782 0.0173531 0.0154189
3 0.642263 0.805204 0.0147189 0.0188201
3 0.77885 0.957771 0.0194602 0.0230076
3 0.361 0.113495 0.0181951 0.0126403
3 0.327707 0.114559 0.015044 0.0153501
3 0.763471 0.114627 0.0177971 0.018208
3 0.347377 0.211352 0.0171485 0.0222437
3 0.61756 0.857459 0.0223367 0.0223034
3 0.352757 0.100655 0.0154133 0.0134684
3 0.0340657 0.69787 0.0125811 0.0182985
3 0.955469 0.499877 0.0123928 0.0202567
3 0.897021 0.261709 0.0136902 0.0170415
3 0.318438 0.853867 0.016131 0.028807
3 0.434538 0.50442 0.013637 0.0220376
3 0.96488 0.730499 0.0139683 0.0179148
3 0.345865 0.0931035 0.015221 0.0128833
3 0.785089 0.888404 0.0137595 0.0218504
3 0.77537 0.962554 0.0188772 0.0284209
3 0.642415 0.797125 0.0144806 0.02034
3 0.23487 0.25266 0.014375 0.0174856
3 0.673681 0.893901 0.0173445 0.0251141
3 0.774785 0.971955 0.0168186 0.0246471
3 0.29746 0.189204 0.016964 0.020819
3 0.411766 0.779175 0.0192328 0.027647
3 0.96317 0.698454 0.016159 0.0184267
4 0.722821 0.863258 0.0187327 0.0238325
3 0.893537 0.816357 0.0154955 0.0210902
3 0.362215 0.192197 0.0143522 0.0155535
3 0.653043 0.930786 0.0203203 0.0241526
3 0.607378 0.756007 0.0154873 0.026309
