3 0.552944 0.0395369 0.0284794 0.0252673
3 0.380002 0.0681125 0.0214583 0.0237886
4 0.982405 0.475678 0.0228416 0.0590782
3 0.934478 0.266063 0.029927 0.0375177
3 0.910091 0.29826 0.0239342 0.0400954
3 0.38422 0.0917779 0.0211898 0.0235307
3 0.204263 0.613277 0.0227613 0.0322599
3 0.51329 0.0434466 0.0192834 0.0201368
3 0.496364 0.0440683 0.0196209 0.021554
3 0.479209 0.328199 0.0365134 0.0334169
3 0.82556 0.474491 0.026923 0.0386853
3 0.509962 0.0430961 0.0271072 0.019932
4 0.580198 0.353931 0.0380343 0.0604069
3 0.461926 0.216779 0.0264089 0.0326696
0 0.501538 0.951809 0.0201444 0.0248964
3 0.431577 0.0943854 0.024635 0.0280541
3 0.752002 0.4885 0.0262787 0.0414142
3 0.429766 0.0615336 0.0228743 0.0302888
