3 0.541476 0.0412262 0.0243124 0.0136429
3 0.323899 0.193666 0.0193223 0.0139457
3 0.402704 0.605278 0.0239124 0.0158424
3 0.466779 0.73033 0.0183205 0.0150713
3 0.585027 0.603656 0.0206157 0.0152251
3 0.670047 0.94629 0.0252258 0.0165836
3 0.563753 0.876789 0.0218965 0.0153809
3 0.266501 0.315491 0.0175944 0.012754
3 0.543676 0.728443 0.0166868 0.0147237
3 0.184214 0.501825 0.0188445 0.0157456
3 0.449787 0.154078 0.019653 0.0135569
3 0.41399 0.159003 0.0212379 0.0147138
3 0.0333853 0.240879 0.0172078 0.0137745
3 0.398342 0.519095 0.021893 0.0154709
3 0.561106 0.617996 0.0193435 0.0153479
3 0.671409 0.869041 0.020719 0.0153658
5 0.426028 0.634899 0.0460641 0.0476599
3 0.70739 0.590111 0.0204842 0.0150766
3 0.231794 0.305523 0.0170438 0.0134693
3 0.606115 0.866134 0.0227391 0.0158875
3 0.447813 0.498284 0.021536 0.0164114
3 0.65552 0.0430436 0.022156 0.0118811
3 0.620206 0.929773 0.0234173 0.016523
3 0.566254 0.0829567 0.0208242 0.0109693
3 0.674864 0.544228 0.019962 0.0144903
3 0.297082 0.236927 0.0165856 0.0145695
3 0.625001 0.661419 0.0181134 0.0148309
3 0.487818 0.510376 0.0216589 0.016065
3 0.542894 0.445326 0.0211429 0.0136189
3 0.428513 0.51529 0.0210822 0.0156065
3 0.364831 0.738467 0.0267591 0.0143264
3 0.599252 0.496766 0.0216889 0.0141536
3 0.316615 0.149306 0.0261401 0.0163267
3 0.549536 0.566827 0.0173524 0.0143934
3 0.528744 0.54881 0.0205841 0.0132406
3 0.714648 0.734512 0.0170813 0.0137239
3 0.632702 0.987543 0.0273008 0.0192528
3 0.548982 0.933964 0.0256163 0.0200074
3 0.341844 0.382014 0.0203565 0.0151288
3 0.489189 0.924798 0.0242132 0.0157577
3 0.362316 0.13934 0.0182469 0.0114798
3 0.209233 0.237314 0.0196616 0.0174735
3 0.432652 0.109969 0.0190222 0.0116443
3 0.780441 0.784876 0.0186267 0.016278
3 0.579813 0.751066 0.0157993 0.0146456
3 0.62931 0.559328 0.0194618 0.0138958
3 0.0711284 0.261898 0.0168876 0.0147407
3 0.268004 0.231825 0.0171104 0.0137388
3 0.506434 0.588201 0.0187757 0.0139145
3 0.358805 0.481726 0.023137 0.015939
3 0.550286 0.106507 0.0229754 0.011565
3 0.53265 0.689524 0.0193974 0.0138758
3 0.301187 0.371284 0.0208634 0.0146349
3 0.256748 0.208069 0.0175982 0.0135673
3 0.173271 0.53113 0.0210415 0.0175076
3 0.464404 0.581461 0.0215883 0.0165291
3 0.367143 0.114215 0.0188638 0.0129185
3 0.255459 0.354382 0.01963 0.0128055
3 0.43355 0.092837 0.020094 0.0128928
3 0.459288 0.6957 0.0181549 0.0148738
3 0.466878 0.980916 0.0251282 0.0178517
3 0.294265 0.310606 0.0173187 0.0165089
3 0.515609 0.9296 0.0228359 0.017473
3 0.496831 0.619409 0.0181821 0.0147631
3 0.295255 0.140313 0.0196708 0.013126
3 0.488537 0.0805482 0.0223974 0.0159601
3 0.504848 0.972016 0.0261052 0.016514
3 0.373707 0.208935 0.0170288 0.0152607
3 0.548743 0.658964 0.0181927 0.0176388
3 0.379269 0.0973031 0.0205218 0.0122466
3 0.562455 0.41917 0.025517 0.0129042
3 0.445845 0.185637 0.0190253 0.0155205
3 0.445429 0.258919 0.017586 0.015452
3 0.519761 0.56758 0.0194611 0.0134016
3 0.713235 0.764779 0.0170192 0.0151251
3 0.484408 0.45104 0.0218654 0.0147375
3 0.291373 0.270391 0.0172864 0.014556
3 0.36003 0.240406 0.0175474 0.0118529
3 0.468287 0.409419 0.0204656 0.0153987
3 0.325154 0.395579 0.0218481 0.0161128
3 0.637771 0.523746 0.0200272 0.0127096
3 0.738656 0.658493 0.0169176 0.0158427
3 0.642577 0.711951 0.0169708 0.0158166
3 0.410452 0.0700506 0.0188708 0.0119193
3 0.295039 0.193212 0.0181919 0.015148
3 0.427262 0.366053 0.0167231 0.0143236
3 0.499108 0.871854 0.0231953 0.016391
3 0.475593 0.906755 0.0221981 0.0172512
3 0.516354 0.642487 0.019233 0.0164375
3 0.846821 0.683027 0.0178269 0.0142999
3 0.644525 0.773117 0.0186811 0.016786
3 0.61666 0.258581 0.0190316 0.018229
3 0.608584 0.627756 0.0185502 0.0142249
3 0.555214 0.837099 0.0213326 0.0152397
3 0.193377 0.555957 0.0231038 0.0218267
3 0.781413 0.745591 0.0196942 0.0150709
3 0.392307 0.235095 0.0180713 0.0153497
3 0.242494 0.335012 0.0177123 0.0134268
3 0.863541 0.911291 0.023491 0.0144981
3 0.74408 0.764729 0.0178059 0.0197042
3 0.554849 0.518192 0.022481 0.0177156
3 0.67473 0.392484 0.0211923 0.015306
3 0.395507 0.139152 0.02448 0.0123305
3 0.604837 0.691044 0.0161573 0.0149861
3 0.862803 0.722159 0.0206172 0.0162546
3 0.0249283 0.341456 0.0201921 0.0199157
3 0.198325 0.269768 0.018449 0.0161178
3 0.16277 0.398837 0.0199165 0.015794
3 0.673222 0.389472 0.0231559 0.0140289
3 0.619596 0.304726 0.0167584 0.016637
3 0.399751 0.211321 0.0160519 0.0148429
3 0.237234 0.370113 0.0201184 0.0132669
3 0.633907 0.814055 0.0170426 0.0164299
3 0.79361 0.965456 0.0254737 0.0174966
3 0.25645 0.690352 0.0275012 0.0169255
3 0.699854 0.620559 0.0214522 0.0159019
3 0.394015 0.428723 0.0225275 0.0166499
3 0.610286 0.721242 0.017243 0.0155138
3 0.656841 0.373535 0.026128 0.0129829
3 0.466727 0.123459 0.0217589 0.0127572
3 0.51597 0.453502 0.0212741 0.0148114
3 0.518764 0.0931885 0.0204814 0.0109109
3 0.350625 0.166748 0.0199116 0.0143754
3 0.712799 0.705324 0.0185664 0.0173749
3 0.636875 0.681514 0.0181518 0.0164372
3 0.646056 0.737322 0.0172398 0.0153449
3 0.649301 0.599879 0.0236374 0.0183792
3 0.623506 0.322361 0.0158545 0.0142148
3 0.313738 0.348828 0.019502 0.016216
3 0.701001 0.879117 0.0202086 0.0167242
3 0.828754 0.872532 0.0218451 0.0184164
3 0.681911 0.1241 0.019767 0.0136942
3 0.260526 0.495841 0.0269116 0.0140781
3 0.818032 0.493841 0.0232802 0.0110651
3 0.613146 0.536435 0.022242 0.013804
3 0.652667 0.0138911 0.0269151 0.0145574
3 0.590976 0.547276 0.0218588 0.0169197
3 0.690697 0.0420578 0.0204569 0.0130085
4 0.132314 0.478634 0.0223924 0.0210295
3 0.36142 0.576666 0.0222219 0.0123213
3 0.481356 0.0426846 0.0222143 0.0111958
3 0.587008 0.993158 0.0253829 0.0131928
3 0.449995 0.474624 0.0207711 0.0130542
3 0.592913 0.824527 0.019849 0.0157744
3 0.126338 0.35815 0.0234809 0.0145445
3 0.224777 0.203334 0.0203638 0.0187341
3 0.384861 0.263064 0.0181581 0.0159311
3 0.608984 0.785233 0.0192613 0.0204883
4 0.476007 0.905975 0.0240293 0.017585
3 0.405511 0.744482 0.0234773 0.0152019
3 0.443407 0.0583485 0.0201676 0.0121905
3 0.678455 0.0232681 0.0246202 0.0117315
3 0.775874 0.222118 0.0412465 0.0114173
3 0.592175 0.00459702 0.0238512 0.00898698
3 0.339961 0.110995 0.020623 0.0131031
3 0.223641 0.457872 0.0242698 0.017305
3 0.422857 0.180911 0.0180066 0.0127159
3 0.746911 0.1556 0.015627 0.0143771
4 0.657001 0.177653 0.0203538 0.0194461
3 0.260797 0.297025 0.0173714 0.0117076
3 0.705926 0.804199 0.0184792 0.0158133
3 0.616199 0.299057 0.0179519 0.0150681
3 0.671081 0.381392 0.0207835 0.0120367
3 0.569269 0.677949 0.0193533 0.0194823
3 0.508425 0.116167 0.0105383 0.0100721
3 0.394643 0.796106 0.015204 0.014366
3 0.423227 0.229452 0.0192195 0.0138268
3 0.692711 0.221412 0.0263629 0.0131246
3 0.681358 0.0244128 0.0222453 0.0116666
