8 0.156002 0.88514 0.0620199 0.0686384
3 0.378241 0.827056 0.0200637 0.0248284
3 0.270811 0.883639 0.0290536 0.0349717
3 0.50937 0.914983 0.0192627 0.0253288
3 0.223788 0.909576 0.0278655 0.0344596
3 0.364653 0.8501 0.023147 0.0242927
3 0.499023 0.844972 0.0174059 0.0240579
3 0.286946 0.904808 0.0308555 0.0323561
3 0.115624 0.905164 0.0249278 0.0296191
3 0.158021 0.84448 0.0290202 0.0259286
3 0.366583 0.777891 0.0178139 0.0239728
8 0.225653 0.821754 0.0435781 0.0504994
3 0.300185 0.855646 0.0259555 0.0272512
3 0.308769 0.874847 0.0262885 0.0301742
3 0.177792 0.898734 0.0349551 0.0325353
3 0.37224 0.796119 0.0194823 0.0234692
3 0.254159 0.824775 0.0224214 0.0259596
3 0.227735 0.875351 0.0205576 0.0235723
3 0.38293 0.756312 0.0163668 0.0199031
3 0.274197 0.807316 0.0203407 0.0232149
3 0.206563 0.873441 0.0279089 0.0279132
3 0.320215 0.757999 0.0180672 0.021403
8 0.431198 0.675849 0.0240735 0.0330306
3 0.864206 0.78892 0.0318874 0.015756
3 0.40024 0.761753 0.0155937 0.0222119
3 0.322751 0.798082 0.0206933 0.0268953
3 0.269428 0.772383 0.0199628 0.0228612
3 0.547599 0.974687 0.0316033 0.0294981
3 0.254486 0.790479 0.0214153 0.0222254
3 0.513724 0.70532 0.0124214 0.0166204
3 0.379344 0.704915 0.0175219 0.0175007
3 0.344254 0.693876 0.0138683 0.014782
3 0.333651 0.816661 0.020565 0.0226097
3 0.402938 0.694393 0.0166881 0.0177767
3 0.333874 0.769487 0.019041 0.0207917
3 0.317715 0.833756 0.0228214 0.0258039
3 0.349185 0.754647 0.0166643 0.0182984
3 0.401425 0.732505 0.0139221 0.0189917
3 0.100527 0.872195 0.0347579 0.0299254
3 0.0149714 0.905802 0.0299429 0.0287054
3 0.356208 0.81622 0.019885 0.0227161
3 0.352207 0.794227 0.0178538 0.0251841
3 0.30197 0.773438 0.0197883 0.0216927
3 0.237128 0.844695 0.0274835 0.027358
3 0.388759 0.707308 0.0153531 0.0189829
3 0.31635 0.739525 0.0214669 0.0179824
3 0.340593 0.836826 0.0220136 0.0288892
3 0.248159 0.879774 0.026868 0.02975
3 0.31129 0.739954 0.0175885 0.0187938
3 0.294799 0.791243 0.0216013 0.0225344
3 0.336615 0.742975 0.0162315 0.0203099
3 0.390498 0.67269 0.0162166 0.0145898
3 0.352505 0.721389 0.0206192 0.0187924
3 0.407759 0.654691 0.0130973 0.0148271
3 0.370482 0.67089 0.0132981 0.0146484
3 0.439278 0.644122 0.014875 0.0133731
3 0.391844 0.686642 0.0148186 0.016449
3 0.296604 0.831728 0.0287754 0.0266307
3 0.296521 0.811903 0.0285303 0.0234253
3 0.302034 0.82333 0.0289301 0.0288549
3 0.40837 0.652103 0.0133465 0.0152495
3 0.283044 0.781726 0.0216805 0.0229529
3 0.327167 0.693488 0.012054 0.0170593
3 0.343883 0.739402 0.0204562 0.0179487
3 0.27862 0.810003 0.0251981 0.0215222
3 0.254471 0.771685 0.0186077 0.0187553
3 0.303582 0.758759 0.0192685 0.0201216
3 0.200225 0.871716 0.0348646 0.0254368
3 0.410939 0.682617 0.0151218 0.0140617
3 0.299601 0.728496 0.0180847 0.0167733
3 0.284893 0.784839 0.0253875 0.0239457
3 0.337002 0.815398 0.0249402 0.0218262
0 0.289364 0.943906 0.00745796 0.0271169
3 0.306493 0.812853 0.019132 0.02367
3 0.286178 0.745581 0.0184324 0.0184357
3 0.336385 0.728816 0.0150042 0.0176175
3 0.917843 0.74447 0.0150879 0.0199159
3 0.439174 0.646703 0.0145368 0.0147643
3 0.4536 0.6293 0.0137457 0.0131782
3 0.367038 0.73101 0.0177805 0.0190106
3 0.389027 0.684692 0.0179477 0.0168807
3 0.470891 0.620444 0.0107246 0.0137852
3 0.379229 0.6888 0.0129068 0.0160065
3 0.290013 0.746584 0.0201718 0.0187655
3 0.347438 0.72405 0.0177478 0.0185506
0 0.0429219 0.96446 0.00923413 0.0278222
3 0.421501 0.643936 0.0106972 0.0122211
3 0.354341 0.669522 0.0125283 0.0145958
3 0.194818 0.859938 0.0250452 0.0275695
3 0.20046 0.867576 0.0265079 0.0317139
3 0.372186 0.655457 0.0132323 0.0136799
3 0.291877 0.813031 0.0253103 0.0201026
3 0.370281 0.666037 0.0144732 0.0154779
3 0.230392 0.79107 0.0220047 0.0211501
3 0.411319 0.679198 0.0151757 0.0149684
3 0.375566 0.718348 0.0185648 0.0184248
3 0.334521 0.765361 0.0165495 0.023686
3 0.548586 0.719956 0.017399 0.0194123
3 0.430064 0.660151 0.0169111 0.0147139
3 0.300087 0.76472 0.0186711 0.0206866
3 0.38633 0.780553 0.0149855 0.0197352
3 0.301954 0.731268 0.0181921 0.0181322
3 0.281552 0.757109 0.0192926 0.0202015
3 0.933485 0.706202 0.0260559 0.0169593
3 0.299681 0.796417 0.025562 0.0249833
3 0.321024 0.774893 0.0208246 0.0225484
3 0.387644 0.67945 0.01617 0.0163466
3 0.449787 0.625868 0.0140295 0.0124086
3 0.448874 0.65416 0.0153245 0.0140229
3 0.266684 0.881287 0.0299862 0.0351187
3 0.365013 0.713878 0.0142037 0.0194867
3 0.34043 0.674834 0.0134122 0.0177434
3 0.363445 0.697586 0.0148217 0.0164305
3 0.298336 0.776955 0.0205322 0.0229663
3 0.423211 0.629004 0.0119802 0.0127735
