8 0.870938 0.639583 0.0192975 0.048503
8 0.897564 0.791272 0.0260826 0.0639765
3 0.883594 0.572235 0.0113376 0.0231025
3 0.879362 0.413048 0.0131397 0.0225053
3 0.864309 0.325986 0.0125578 0.018083
8 0.879555 0.690014 0.0221203 0.0636942
3 0.921654 0.63546 0.0131966 0.0230881
3 0.919476 0.737482 0.0138962 0.0271653
3 0.0392166 0.811308 0.0126471 0.0315303
3 0.794488 0.226417 0.0139885 0.0208355
3 0.851039 0.435367 0.015036 0.0202617
3 0.914807 0.785495 0.0158839 0.0367793
3 0.911667 0.583043 0.0123203 0.0224699
3 0.0554046 0.546025 0.0117541 0.0272696
3 0.85568 0.552833 0.0117138 0.0206649
3 0.855737 0.273035 0.0110425 0.0191405
3 0.0428214 0.772413 0.0125412 0.027924
3 0.0553097 0.51331 0.0116665 0.019939
3 0.940101 0.802984 0.0139661 0.0276521
5 0.101353 0.613505 0.0179128 0.0511795
3 0.895507 0.646685 0.0190735 0.026629
3 0.0532222 0.577695 0.0107505 0.0266298
3 0.517452 0.988136 0.0107719 0.0221362
3 0.465773 0.989294 0.00966919 0.0203851
3 0.0599816 0.796996 0.0123397 0.0261223
3 0.946502 0.761822 0.0132631 0.0282779
3 0.0568881 0.49248 0.0101464 0.016366
3 0.937497 0.717531 0.0111727 0.0223502
3 0.489929 0.988881 0.00992383 0.0222379
3 0.942148 0.804692 0.0173073 0.0244719
3 0.851702 0.250804 0.0115139 0.0207274
3 0.930853 0.678068 0.0121094 0.0162072
3 0.933888 0.695252 0.0122921 0.0221166
3 0.859898 0.303645 0.0102608 0.0198628
3 0.929588 0.268759 0.0338661 0.0180812
3 0.0966133 0.771454 0.0128935 0.0248449
3 0.491448 0.988553 0.00978034 0.0213098
4 0.595109 0.985635 0.0111642 0.0257932
3 0.953471 0.804179 0.014481 0.0248698
3 0.840902 0.474126 0.0109375 0.0216257
3 0.859287 0.28907 0.0119355 0.0186687
3 0.363081 0.99203 0.0111361 0.0159402
3 0.899207 0.503539 0.0130192 0.0218104
3 0.438467 0.990306 0.0095768 0.0193882
3 0.388012 0.990864 0.00987035 0.0182729
3 0.844222 0.499439 0.0127412 0.022329
3 0.0650296 0.311343 0.0101858 0.0157758
4 0.645516 0.983422 0.010239 0.0270021
3 0.0570884 0.473598 0.0103279 0.0162024
4 0.855753 0.526303 0.0149231 0.0246658
4 0.543982 0.987698 0.0113049 0.0226806
8 0.905932 0.787392 0.0174446 0.0574079
3 0.412309 0.990452 0.00942469 0.0190968
3 0.86361 0.315924 0.0114631 0.0143847
3 0.0539884 0.553979 0.0112572 0.0235039
