3 0.689271 0.99135 0.0253868 0.0170272
3 0.756813 0.945581 0.0175082 0.0218898
3 0.314669 0.183972 0.0158051 0.0220947
3 0.676028 0.953391 0.0160116 0.0193524
3 0.807447 0.991613 0.0216043 0.0165933
3 0.659876 0.974231 0.0162012 0.0238615
3 0.693973 0.811722 0.0174679 0.0228404
3 0.0134354 0.714603 0.0165786 0.0183674
3 0.681762 0.790591 0.0172733 0.024065
3 0.328495 0.176175 0.0158457 0.0224785
3 0.969934 0.769254 0.0171663 0.0234333
3 0.956221 0.49729 0.0125666 0.0207306
3 0.745402 0.991775 0.0202112 0.0164498
3 0.630454 0.732309 0.0136926 0.0193846
3 0.671914 0.892048 0.0155815 0.0230316
3 0.645432 0.98153 0.016659 0.0238438
3 0.266434 0.263974 0.0152229 0.0213357
3 0.768999 0.868598 0.0161214 0.0209416
3 0.0556098 0.775329 0.0170463 0.0211693
4 0.632432 0.8915 0.0153422 0.0287627
3 0.915718 0.465584 0.0149952 0.0171826
3 0.716642 0.971951 0.0155061 0.0240845
3 0.0223843 0.752227 0.0144708 0.0213092
3 0.342341 0.157677 0.014659 0.017584
3 0.74695 0.919214 0.0180918 0.0173166
3 0.637708 0.830538 0.0163852 0.0178922
3 0.63974 0.827868 0.0176648 0.0187916
3 0.968903 0.628807 0.0155785 0.0197563
3 0.994372 0.526602 0.0107103 0.0231795
3 0.673038 0.957199 0.015901 0.0210691
3 0.736496 0.973469 0.015575 0.0202959
3 0.991585 0.669844 0.0161974 0.0197735
3 0.979256 0.71426 0.0152687 0.0201794
3 0.606052 0.845428 0.0126866 0.0182412
3 0.991735 0.506287 0.0151119 0.0231219
3 0.668412 0.769281 0.0162029 0.01999
4 0.940374 0.680517 0.0227089 0.0276334
3 0.721696 0.953353 0.0196588 0.0233997
3 0.28205 0.205842 0.0157146 0.020627
3 0.938213 0.331328 0.0120464 0.0155072
3 0.706749 0.831798 0.0173767 0.0204884
3 0.950083 0.790895 0.0191303 0.0237658
3 0.321048 0.173541 0.0141443 0.0202428
3 0.0272915 0.678463 0.0154952 0.018984
3 0.646327 0.846675 0.0145344 0.0183459
3 0.31749 0.131642 0.0108965 0.0184492
4 0.970522 0.897769 0.0228695 0.0304205
3 0.989 0.988955 0.0211632 0.0207885
3 0.662176 0.971769 0.0151392 0.0245477
3 0.961633 0.784941 0.0224869 0.0294295
3 0.619509 0.859722 0.0199861 0.0197514
3 0.656691 0.865803 0.0168339 0.0210593
3 0.62719 0.809093 0.0166069 0.0181731
3 0.980188 0.531122 0.0137119 0.0213456
3 0.856367 0.989172 0.0249815 0.019436
3 0.637173 0.991179 0.0209011 0.0176419
3 0.615434 0.783847 0.0139874 0.018805
3 0.887539 0.991311 0.0212954 0.0173312
3 0.35091 0.170192 0.0166804 0.0208099
4 0.966483 0.91808 0.0247818 0.0359934
3 0.281752 0.18822 0.0130495 0.0187615
3 0.625575 0.811173 0.016029 0.0184938
3 0.363889 0.190738 0.0151087 0.0199586
3 0.639577 0.988927 0.019899 0.0218167
8 0.868818 0.155678 0.0193447 0.0231917
3 0.955505 0.609709 0.0151371 0.0194853
3 0.270854 0.193602 0.00937285 0.0180711
3 0.702425 0.92545 0.0190775 0.0160953
3 0.803663 0.46908 0.0168911 0.0169441
8 0.860849 0.157932 0.0284408 0.0248353
3 0.962642 0.780749 0.0202518 0.0279283
3 0.754018 0.881251 0.0147117 0.0183677
3 0.667987 0.842511 0.0165821 0.0176496
3 0.691402 0.87889 0.0197163 0.018184
3 0.969262 0.549159 0.0152028 0.0193841
4 0.651701 0.897846 0.0156204 0.0297989
3 0.709444 0.841123 0.0172133 0.0187094
3 0.332651 0.126572 0.0133506 0.0175704
3 0.910864 0.989656 0.0161108 0.0206889
3 0.793449 0.975177 0.0163383 0.0219695
3 0.964341 0.695883 0.0160084 0.0189756
5 0.956101 0.434201 0.0241053 0.0353004
3 0.987418 0.755837 0.0217064 0.0287299
3 0.915014 0.863381 0.0221507 0.0252627
3 0.304357 0.136098 0.0150123 0.0202493
3 0.663848 0.924273 0.0216176 0.0200078
3 0.954597 0.562171 0.0171799 0.0193775
3 0.368813 0.21045 0.0139558 0.0194337
3 0.718889 0.852827 0.0175732 0.0200401
3 0.694124 0.896812 0.0161625 0.0179072
3 0.964218 0.731173 0.0157929 0.0190357
4 0.809739 0.890005 0.0159885 0.0290118
3 0.94564 0.486349 0.00975894 0.0146038
3 0.409083 0.228186 0.0116736 0.0186112
3 0.607858 0.639615 0.0146096 0.0206162
3 0.681274 0.786704 0.0176297 0.0242654
3 0.328105 0.114096 0.0142858 0.0146198
3 0.253715 0.195752 0.0133943 0.0196661
3 0.364436 0.114978 0.0164865 0.0137014
3 0.296605 0.191249 0.0162584 0.0240556
3 0.30627 0.180579 0.0145912 0.0220756
3 0.320115 0.228644 0.0137079 0.0233767
3 0.740674 0.975214 0.0187165 0.0182973
3 0.954871 0.73875 0.0194584 0.0203274
3 0.639641 0.709278 0.0180068 0.0250521
3 0.957083 0.786939 0.0240437 0.0288305
3 0.326812 0.991301 0.0166187 0.0173977
3 0.232235 0.903238 0.015617 0.0202652
3 0.847017 0.889517 0.0181036 0.0199077
3 0.995598 0.702452 0.00880307 0.0203268
3 0.987136 0.710527 0.0191196 0.0196997
3 0.00858758 0.673613 0.0142668 0.0184273
3 0.302486 0.200866 0.0139594 0.0193554
3 0.978537 0.642177 0.0149258 0.0233559
3 0.267542 0.214506 0.0154057 0.0211918
3 0.806343 0.894234 0.0157049 0.0302274
4 0.723007 0.863999 0.0181064 0.0220959
3 0.91234 0.861227 0.0218553 0.0237382
3 0.777339 0.97414 0.016052 0.0225734
3 0.0836218 0.696047 0.0176534 0.0182784
3 0.352677 0.101389 0.0154706 0.0137349
3 0.898135 0.456377 0.0111736 0.014803
3 0.641742 0.804149 0.0131187 0.0184477
3 0.347283 0.21263 0.0167124 0.0248253
3 0.247086 0.252517 0.0134236 0.019164
3 0.62102 0.712222 0.0116339 0.0213559
3 0.726228 0.868259 0.0170142 0.0198127
3 0.95533 0.499869 0.0120304 0.0205044
3 0.301776 0.191064 0.013814 0.0261066
