3 0.563153 0.87684 0.0215904 0.0152872
3 0.402496 0.605264 0.0234754 0.0157648
3 0.670261 0.946496 0.0257425 0.0168802
3 0.398125 0.519054 0.0216252 0.0152479
3 0.541115 0.0416318 0.0246977 0.0132947
3 0.323617 0.19453 0.0195001 0.0135168
3 0.543736 0.728503 0.0167752 0.0149987
3 0.671377 0.869338 0.0208794 0.0158413
3 0.447906 0.498427 0.0218417 0.0159014
3 0.624949 0.661409 0.0183841 0.0144262
3 0.584658 0.603455 0.0209961 0.0152364
3 0.467105 0.98119 0.0249896 0.0177809
3 0.364144 0.738558 0.0273318 0.0147268
3 0.266348 0.315623 0.0165715 0.0120368
3 0.428754 0.515707 0.0203504 0.0146736
3 0.655642 0.0434663 0.0230668 0.0122589
3 0.560914 0.617859 0.018907 0.0152817
3 0.45013 0.154362 0.0196982 0.0133893
3 0.619729 0.930103 0.0240532 0.0167787
3 0.528532 0.548919 0.0204446 0.0127785
3 0.184253 0.501783 0.0181829 0.0151595
3 0.549192 0.934185 0.025371 0.019634
3 0.0331903 0.241332 0.0165922 0.0127
3 0.358815 0.481836 0.0232099 0.0157606
3 0.466786 0.730472 0.0185445 0.0146942
3 0.598868 0.497111 0.0218335 0.0139145
3 0.63304 0.986964 0.0282675 0.0202177
3 0.566014 0.0836357 0.0208911 0.0103975
3 0.543085 0.445757 0.0207074 0.0133516
3 0.488766 0.925004 0.0227127 0.0159126
3 0.173354 0.531062 0.0197179 0.0174446
3 0.487943 0.510704 0.0218508 0.0151151
3 0.324901 0.395611 0.0207173 0.0153748
3 0.629369 0.559165 0.0193767 0.0136894
3 0.516058 0.642316 0.0194641 0.0159389
5 0.425969 0.635149 0.0461212 0.0478354
3 0.50456 0.972343 0.0261572 0.0168396
3 0.707649 0.59033 0.0199944 0.0147663
3 0.675018 0.544742 0.0199689 0.0146248
3 0.301196 0.371667 0.0200884 0.0138949
3 0.714647 0.7348 0.0175533 0.0139399
3 0.549325 0.567092 0.0176354 0.0141012
3 0.413386 0.159403 0.0216881 0.0138186
3 0.256377 0.208407 0.0163422 0.012244
3 0.267726 0.23251 0.0160501 0.013038
3 0.484174 0.451267 0.0217565 0.0143898
3 0.579576 0.750917 0.0159876 0.0150207
3 0.0711143 0.261924 0.0160702 0.0139492
3 0.209539 0.237314 0.0185001 0.0168297
3 0.341774 0.381986 0.0205239 0.0140962
3 0.231647 0.306051 0.0170155 0.0129972
3 0.738866 0.658375 0.0171027 0.0158188
3 0.475491 0.90665 0.0219075 0.0180866
3 0.360156 0.240553 0.016443 0.0115964
3 0.294399 0.312123 0.0156764 0.0139677
3 0.296571 0.237109 0.0160022 0.0134672
3 0.862763 0.722174 0.0206149 0.0162172
3 0.506243 0.588374 0.0187012 0.0137935
3 0.464095 0.58142 0.021094 0.0164247
3 0.532093 0.68952 0.018619 0.0139145
3 0.515522 0.930095 0.0219453 0.0172893
3 0.255282 0.354085 0.0195918 0.0126355
3 0.362431 0.139713 0.0181032 0.0109755
3 0.550262 0.106901 0.0229811 0.0113442
3 0.780757 0.78487 0.0187761 0.0161377
3 0.712774 0.764732 0.0171425 0.0153133
3 0.606487 0.866232 0.0231349 0.0159979
3 0.846719 0.683179 0.017733 0.0146637
3 0.46812 0.409418 0.0201612 0.0149367
3 0.31674 0.149175 0.0248156 0.0152039
3 0.260796 0.49606 0.0251738 0.014105
3 0.256131 0.690277 0.0271581 0.0177533
3 0.637964 0.524038 0.0197265 0.0125395
3 0.367204 0.114373 0.0195631 0.0125951
3 0.608344 0.627703 0.0180493 0.0140435
3 0.445185 0.259246 0.0160454 0.0143779
3 0.644235 0.773278 0.0192346 0.0169066
3 0.56195 0.419418 0.0261124 0.0131741
3 0.699643 0.620573 0.0213141 0.0153397
3 0.781361 0.745801 0.018824 0.0151986
3 0.496583 0.619299 0.0183555 0.0147738
3 0.604608 0.690794 0.0169681 0.0153141
3 0.744597 0.764494 0.0167599 0.0181783
3 0.432802 0.110277 0.0191145 0.0117689
3 0.554905 0.83719 0.0216949 0.0162047
3 0.445749 0.185731 0.0188418 0.0146136
3 0.498872 0.872219 0.0232847 0.0164366
3 0.64221 0.711937 0.0179739 0.0159303
3 0.393918 0.428721 0.0221536 0.016396
3 0.19341 0.55609 0.0216714 0.0215321
3 0.410212 0.0705016 0.0191929 0.0114768
3 0.466832 0.123624 0.0223278 0.0127558
3 0.610107 0.721761 0.0167505 0.0162731
3 0.427161 0.366118 0.0166171 0.0134874
3 0.488533 0.0807841 0.0229031 0.0159691
3 0.392254 0.235542 0.0168628 0.0135993
3 0.519738 0.567852 0.0190407 0.0129743
3 0.294817 0.139864 0.0205881 0.0118618
3 0.645845 0.737303 0.0173538 0.0158529
3 0.517103 0.0942221 0.0203477 0.0112472
3 0.295021 0.193431 0.0179846 0.0148136
3 0.701111 0.879413 0.0200224 0.0167499
3 0.459021 0.695986 0.0181971 0.0148764
3 0.793718 0.965805 0.0261921 0.0177377
3 0.616329 0.259483 0.018102 0.0163276
3 0.395396 0.139131 0.0248249 0.0115943
3 0.1628 0.398772 0.019721 0.0156759
3 0.43368 0.092911 0.0201382 0.0129588
3 0.674121 0.391576 0.0199609 0.0149416
3 0.197954 0.26982 0.0177714 0.014364
8 0.425789 0.635482 0.0457656 0.0471064
3 0.242493 0.335447 0.0175328 0.0135319
3 0.633763 0.81437 0.0180744 0.0172028
3 0.548844 0.65929 0.0189194 0.0175136
3 0.6092 0.785419 0.0199034 0.0208219
3 0.373611 0.209398 0.0161938 0.0137949
3 0.619961 0.304983 0.0165913 0.0162633
3 0.656415 0.373655 0.023309 0.0126204
3 0.39968 0.211826 0.0155048 0.0138673
3 0.379148 0.097834 0.0211153 0.0119979
3 0.652313 0.0142939 0.0263424 0.0140597
3 0.690658 0.0426797 0.0206942 0.0137609
3 0.23746 0.37011 0.0203143 0.0132385
3 0.291306 0.270143 0.0166317 0.0138477
3 0.682159 0.123846 0.0186811 0.0119227
3 0.593055 0.82451 0.0201861 0.0161831
3 0.67315 0.389176 0.0214653 0.0135308
3 0.586588 0.993402 0.0252206 0.0130131
3 0.712606 0.705549 0.0186017 0.018038
3 0.649046 0.600015 0.0237706 0.0185404
3 0.516184 0.453312 0.0210131 0.0139959
3 0.554932 0.518376 0.0234157 0.0180349
3 0.623561 0.322192 0.0159429 0.0149203
3 0.481257 0.0430385 0.0230471 0.0110997
3 0.361354 0.576749 0.0220031 0.0121523
3 0.828954 0.872971 0.0229037 0.0190369
3 0.313816 0.349211 0.0195922 0.0155998
3 0.450189 0.474651 0.0206659 0.0129685
3 0.406328 0.74511 0.0237486 0.0159814
3 0.590806 0.54747 0.022185 0.0164121
3 0.612979 0.536568 0.0221865 0.0135391
4 0.13227 0.478517 0.0220864 0.0208099
3 0.864005 0.911601 0.0247452 0.0144134
3 0.692005 0.221575 0.0281602 0.0123893
3 0.817596 0.494023 0.0224208 0.0109434
3 0.615825 0.298574 0.0172053 0.0144662
3 0.636911 0.681348 0.0190452 0.0173397
3 0.350595 0.167352 0.0198351 0.0137237
3 0.591903 0.0045777 0.023858 0.0089225
3 0.678279 0.0235465 0.0233017 0.0117419
3 0.671587 0.381897 0.0189367 0.0123726
3 0.384468 0.262606 0.0172908 0.0147941
3 0.444257 0.0585544 0.0199729 0.0112043
5 0.224721 0.203537 0.0199829 0.0185473
3 0.656722 0.177533 0.0205706 0.0191509
3 0.2606 0.297395 0.0177696 0.0113401
3 0.422897 0.181456 0.0178406 0.012052
3 0.394086 0.796355 0.0151974 0.0149059
3 0.686255 0.601973 0.0198402 0.0146036
3 0.680989 0.024774 0.0236234 0.010693
3 0.508757 0.116522 0.0104905 0.0101361
3 0.423138 0.229633 0.0182325 0.0129545
3 0.776009 0.222119 0.039904 0.0115456
3 0.340138 0.111672 0.0207601 0.0122831
