8 0.156128 0.883741 0.06216 0.0713271
3 0.378266 0.827183 0.0197022 0.0247834
3 0.509302 0.914905 0.0191927 0.0254703
3 0.223491 0.909231 0.0277857 0.0341706
3 0.27083 0.883824 0.0291043 0.0349806
3 0.15794 0.84485 0.0290043 0.0265554
3 0.115523 0.905297 0.0244133 0.0287435
3 0.499082 0.845059 0.0171036 0.0243505
8 0.224577 0.823526 0.0441619 0.0514832
3 0.36655 0.777693 0.0171762 0.0228816
3 0.286462 0.904305 0.0300189 0.0319149
3 0.382585 0.756365 0.0153044 0.0195603
3 0.364673 0.850328 0.0235269 0.0239577
3 0.300576 0.855732 0.0250635 0.0279104
8 0.4315 0.675109 0.0258825 0.0354064
3 0.308613 0.874775 0.0259233 0.0304959
3 0.863932 0.78924 0.0315914 0.0155051
3 0.372099 0.796362 0.0191369 0.023041
3 0.227167 0.876158 0.0207919 0.0227911
3 0.253719 0.825775 0.0228121 0.0256099
3 0.400184 0.761775 0.0155046 0.0223584
3 0.206133 0.874553 0.0255754 0.0268733
3 0.319895 0.758307 0.0166993 0.02071
3 0.274603 0.808184 0.0201831 0.0225398
3 0.513727 0.705467 0.0122841 0.0169174
3 0.177547 0.899109 0.03537 0.0344992
3 0.248097 0.879813 0.027262 0.0300232
3 0.403258 0.694156 0.0158592 0.0162032
3 0.401358 0.732582 0.0134723 0.0190051
3 0.0151028 0.90625 0.0301935 0.0283145
3 0.343634 0.693941 0.0132111 0.0148078
3 0.333045 0.817158 0.0199352 0.0224605
3 0.333863 0.769529 0.0185166 0.0203543
3 0.269393 0.772496 0.0192617 0.0233474
3 0.390037 0.707563 0.0130448 0.0182272
3 0.548676 0.975635 0.034113 0.0305684
3 0.351743 0.792668 0.0166148 0.0227793
3 0.322645 0.797446 0.0204252 0.0250806
3 0.0999774 0.872392 0.0357976 0.0306074
3 0.34932 0.755329 0.0160836 0.0178726
3 0.253958 0.791192 0.0210766 0.0222472
3 0.317809 0.83405 0.0217643 0.0250783
3 0.378413 0.704731 0.0145875 0.0153874
3 0.292919 0.811309 0.0228737 0.0230718
3 0.407444 0.655166 0.0119976 0.0134096
3 0.335598 0.743443 0.0143025 0.0193826
3 0.283078 0.781406 0.0221077 0.0238857
3 0.370318 0.671362 0.01295 0.0133486
3 0.31832 0.739717 0.0173973 0.0164894
3 0.293486 0.83288 0.0257141 0.0270077
3 0.305225 0.824696 0.023928 0.0264969
3 0.391136 0.687797 0.0132527 0.0142949
3 0.390665 0.672658 0.0154841 0.0127897
3 0.299362 0.728477 0.0177974 0.0164842
3 0.341051 0.837201 0.0216637 0.0288225
3 0.310191 0.740075 0.0155042 0.0176257
3 0.336099 0.729087 0.0140701 0.01672
3 0.344398 0.739518 0.0178225 0.016842
3 0.236622 0.844786 0.0273855 0.0268674
3 0.294045 0.790869 0.0192782 0.0213022
3 0.409675 0.683487 0.0127417 0.0132482
3 0.307043 0.812609 0.017291 0.0222528
3 0.3021 0.773821 0.0192616 0.0215732
3 0.408548 0.652531 0.0116508 0.0146423
3 0.918117 0.744736 0.0147768 0.0189319
3 0.278175 0.810477 0.0238931 0.0217387
0 0.289073 0.943967 0.00713664 0.0261122
3 0.453637 0.62924 0.0132339 0.0128407
3 0.356565 0.816884 0.0198011 0.0223157
3 0.42067 0.643767 0.00953903 0.0115319
3 0.286286 0.745884 0.018716 0.0191374
3 0.439305 0.644397 0.0151707 0.0135172
3 0.470683 0.62066 0.0103904 0.0135284
3 0.327263 0.693377 0.0122891 0.0174492
3 0.30351 0.75813 0.0186381 0.01906
3 0.375962 0.718665 0.0167927 0.0173699
3 0.33685 0.815089 0.023889 0.0217207
3 0.315635 0.830873 0.021447 0.0273816
3 0.439922 0.647596 0.0138206 0.0140812
3 0.3534 0.721523 0.0177921 0.017171
3 0.229989 0.79195 0.0215285 0.0217247
3 0.334375 0.764168 0.0163531 0.0222437
3 0.361758 0.779749 0.0205543 0.0200346
3 0.388503 0.685535 0.0158118 0.0153206
3 0.366618 0.731184 0.0158362 0.0185073
3 0.254486 0.771654 0.0182121 0.0186962
3 0.345947 0.723955 0.0161554 0.016782
3 0.289719 0.746476 0.0197969 0.0196521
3 0.320704 0.801311 0.0229325 0.0296478
3 0.28964 0.812818 0.0229224 0.0196476
3 0.285057 0.784256 0.0254465 0.0244858
3 0.281695 0.7557 0.0183065 0.018764
0 0.042639 0.964248 0.00989902 0.0285184
3 0.319276 0.776309 0.0186827 0.0222322
3 0.379522 0.688972 0.0125305 0.0144975
3 0.251507 0.793067 0.0206088 0.0233732
3 0.194994 0.859749 0.0249068 0.0267795
3 0.546968 0.719982 0.0137243 0.0198262
3 0.199174 0.873002 0.032931 0.0243201
3 0.301376 0.730583 0.0178019 0.0175603
3 0.300214 0.796518 0.0240179 0.0230176
3 0.386069 0.781732 0.014985 0.0198209
3 0.371926 0.655248 0.0126042 0.0124152
3 0.449592 0.625712 0.0138635 0.0125454
0 0.0112009 0.949911 0.00766338 0.0255419
3 0.300062 0.764404 0.0176129 0.0202742
3 0.45077 0.654789 0.014488 0.0141562
3 0.354083 0.670325 0.0116016 0.0129742
3 0.36411 0.697028 0.0142118 0.0144946
3 0.294301 0.77854 0.0186363 0.0238401
3 0.365036 0.713098 0.0129961 0.0171551
3 0.932514 0.706282 0.0231807 0.0158245
3 0.368442 0.779355 0.0175081 0.0193898
0 0.0308913 0.973459 0.00832593 0.0231791
3 0.371143 0.665279 0.0121875 0.0146302
3 0.448741 0.654577 0.0144064 0.012575
3 0.199892 0.863058 0.0249556 0.0282704
