8 0.897517 0.791456 0.0260738 0.0634485
3 0.919746 0.738082 0.0143135 0.0280557
3 0.879607 0.413063 0.0128049 0.0221627
8 0.879799 0.689862 0.0216011 0.0633944
3 0.864516 0.325985 0.0129299 0.0175509
3 0.884018 0.571744 0.0105646 0.022894
3 0.946903 0.76193 0.0131565 0.0263471
8 0.870168 0.638443 0.0175499 0.0468212
3 0.912235 0.583038 0.0124401 0.0212751
3 0.856247 0.52598 0.0140335 0.0255577
3 0.851348 0.435104 0.0141999 0.0196564
3 0.51743 0.987694 0.0111042 0.0225291
3 0.594855 0.986257 0.010882 0.0238288
3 0.940317 0.80284 0.0135398 0.0262688
4 0.101499 0.613113 0.0188184 0.0518579
3 0.922558 0.635825 0.0128197 0.0226078
3 0.896298 0.646807 0.0180584 0.0273319
3 0.055176 0.513459 0.0132482 0.0201677
3 0.0555016 0.546364 0.0129626 0.0284675
3 0.64532 0.984556 0.0103382 0.0244045
3 0.931517 0.683066 0.0125645 0.0216222
3 0.039619 0.811668 0.0138911 0.0321138
3 0.933476 0.693414 0.0124531 0.0218322
3 0.794661 0.22634 0.0131905 0.0186444
3 0.944122 0.805084 0.0201336 0.0242776
3 0.898983 0.503159 0.0121542 0.0223985
3 0.937442 0.715488 0.0122868 0.0250948
3 0.619178 0.985308 0.01027 0.025464
3 0.85724 0.274619 0.0125518 0.0165486
3 0.568771 0.987495 0.0117353 0.0226326
3 0.0534903 0.577401 0.0113269 0.0282057
3 0.363119 0.991537 0.0130418 0.0169268
3 0.491517 0.988298 0.010149 0.0209874
3 0.952087 0.804493 0.016811 0.0238343
3 0.844248 0.498854 0.0125323 0.0228977
3 0.465696 0.988778 0.0102232 0.0197677
3 0.0431028 0.774153 0.0136476 0.0269761
3 0.840699 0.473204 0.0114666 0.0239623
3 0.864262 0.315249 0.0126674 0.0136855
4 0.543961 0.987013 0.0117228 0.0234173
3 0.85596 0.552702 0.011129 0.0206139
4 0.695286 0.981925 0.0110231 0.0305787
3 0.065977 0.310089 0.0122324 0.0183488
3 0.068205 0.28972 0.0110698 0.0152607
3 0.860293 0.30173 0.0122368 0.0181466
3 0.490294 0.989003 0.0120072 0.0219935
3 0.851715 0.253899 0.0117809 0.0172159
3 0.464468 0.989319 0.0117743 0.0213625
3 0.835129 0.442132 0.011467 0.0208318
3 0.86016 0.289967 0.0132387 0.0139641
3 0.056381 0.491451 0.0106219 0.016938
3 0.38798 0.990922 0.0114794 0.018156
3 0.412366 0.990006 0.0117629 0.0199876
3 0.988757 0.723495 0.0214019 0.0171101
3 0.594484 0.954261 0.0108152 0.0178338
3 0.438543 0.989697 0.0111803 0.0206056
3 0.859383 0.279242 0.0131924 0.0165422
3 0.517324 0.987772 0.014032 0.0244563
3 0.834746 0.389757 0.0131323 0.0254828
