3 0.694659 0.812104 0.0186687 0.0232065
3 0.69008 0.991055 0.0250668 0.0172445
3 0.757972 0.945117 0.0177299 0.0223996
3 0.628163 0.808804 0.0201828 0.0214956
3 0.987346 0.757845 0.021397 0.0298419
3 0.769316 0.867911 0.0149717 0.0205421
3 0.808063 0.991291 0.0196857 0.0162731
3 0.676918 0.953036 0.0166887 0.021628
3 0.966953 0.773173 0.0194115 0.026418
3 0.74815 0.918044 0.0179898 0.0182375
3 0.656259 0.865803 0.0171753 0.0223232
3 0.628482 0.732181 0.017391 0.0227415
3 0.67213 0.891732 0.0154594 0.0236314
3 0.641099 0.829004 0.0196171 0.0206674
3 0.63277 0.890968 0.015258 0.028357
3 0.682041 0.792841 0.0178364 0.0222115
3 0.606777 0.846146 0.0142043 0.0205056
3 0.668051 0.842512 0.0168973 0.0195825
3 0.915887 0.465452 0.0154502 0.0181941
3 0.969728 0.627971 0.0157654 0.0202939
3 0.745313 0.99219 0.0207101 0.01562
3 0.669746 0.76898 0.0180119 0.0215308
3 0.716378 0.971115 0.0147819 0.0246347
3 0.991633 0.67017 0.0167337 0.018536
3 0.960158 0.782495 0.0245469 0.0331819
3 0.956417 0.496562 0.0125844 0.0201426
3 0.620235 0.860984 0.0182031 0.0234517
3 0.607758 0.63938 0.0162863 0.0213392
3 0.662272 0.969242 0.0161766 0.0255936
3 0.988207 0.708626 0.0198822 0.0193767
3 0.914355 0.862739 0.0224258 0.0253886
3 0.31786 0.856581 0.016052 0.0276298
3 0.723268 0.950686 0.0183632 0.0235343
3 0.707509 0.833557 0.0186571 0.0230216
3 0.709962 0.84019 0.0198586 0.0205919
3 0.982065 0.714313 0.0149843 0.0211847
3 0.957344 0.785763 0.0254995 0.0309212
3 0.648118 0.922908 0.0191528 0.0276824
3 0.793 0.973728 0.0161162 0.0220608
3 0.411625 0.780188 0.0236984 0.0304201
3 0.0567179 0.7767 0.0182466 0.0239178
3 0.396442 0.45025 0.015776 0.0239476
3 0.956008 0.608508 0.0144527 0.0193009
3 0.644448 0.982119 0.0180688 0.0259477
3 0.804376 0.922985 0.01511 0.021957
3 0.638759 0.831596 0.0186135 0.0181266
3 0.658182 0.974633 0.018172 0.023698
3 0.723333 0.863539 0.0195772 0.0249953
3 0.992463 0.506102 0.0137587 0.0222067
3 0.267117 0.265328 0.0134772 0.019562
3 0.299324 0.870575 0.0175491 0.0247689
3 0.00868049 0.672606 0.0150876 0.0203947
3 0.807505 0.889339 0.0155527 0.030842
3 0.910886 0.990151 0.0150019 0.0185669
3 0.645467 0.845451 0.0156748 0.0207059
3 0.723173 0.95457 0.0205609 0.0284273
3 0.895139 0.846145 0.0162592 0.0232787
3 0.737035 0.975083 0.0169837 0.021536
3 0.936319 0.815696 0.0129812 0.0250534
3 0.770038 0.940818 0.0215963 0.0261331
3 0.588669 0.815702 0.0183275 0.0235366
3 0.013444 0.71509 0.0169622 0.0186689
3 0.923099 0.732419 0.0119072 0.0158079
3 0.0110733 0.713937 0.0196454 0.0203626
3 0.72622 0.86636 0.0199898 0.022556
3 0.00716654 0.660666 0.013966 0.0211155
4 0.491942 0.919778 0.0235622 0.0518134
3 0.855291 0.988735 0.0208046 0.0187074
3 0.607387 0.760314 0.0151524 0.0306156
3 0.955782 0.738369 0.0188078 0.0194004
3 0.779661 0.956443 0.0207832 0.0223864
3 0.785739 0.887621 0.0137442 0.0215423
3 0.845578 0.889621 0.0199685 0.0201596
3 0.77865 0.973296 0.0194556 0.0237578
3 0.993983 0.528984 0.0109432 0.0244143
3 0.693844 0.897729 0.0166456 0.0209555
3 0.657046 0.924062 0.0229284 0.0278244
3 0.670224 0.959052 0.0157327 0.0262271
3 0.409217 0.229049 0.013016 0.0192068
3 0.949216 0.789245 0.0180416 0.0242279
3 0.0219625 0.752303 0.0152817 0.0229112
3 0.651645 0.896735 0.0163409 0.0307876
3 0.61467 0.855759 0.0173979 0.0220274
3 0.955201 0.563546 0.0171367 0.0217093
3 0.027846 0.678732 0.0157883 0.0190238
3 0.708366 0.906779 0.0168489 0.0227346
3 0.859627 0.753089 0.0180916 0.0224932
3 0.703051 0.92489 0.0217586 0.0191815
3 0.232577 0.902589 0.018147 0.0225676
3 0.740445 0.976742 0.0172268 0.020903
3 0.753619 0.880281 0.0136263 0.020461
3 0.969936 0.549065 0.0165827 0.0209262
3 0.980163 0.527215 0.0143488 0.0253088
3 0.963911 0.731352 0.0163639 0.0177331
3 0.831034 0.924203 0.0206787 0.0241883
3 0.773983 0.971452 0.0167011 0.0248301
3 0.614121 0.783736 0.016173 0.0206038
3 0.281229 0.207529 0.0146946 0.0185642
3 0.858833 0.871424 0.0174852 0.0233919
3 0.945431 0.485797 0.00965705 0.0152705
3 0.838133 0.892395 0.0198776 0.021679
4 0.479615 0.551004 0.0170026 0.0253741
3 0.99502 0.702686 0.00993498 0.0209539
3 0.96445 0.69453 0.0149681 0.0176034
3 0.955336 0.499799 0.0115768 0.0204861
3 0.584994 0.807733 0.0184852 0.0244185
3 0.919059 0.958994 0.0199516 0.0234218
3 0.886685 0.991829 0.0192566 0.0162314
3 0.691463 0.880112 0.0208495 0.0238084
3 0.0973874 0.769998 0.0183808 0.0190836
3 0.979665 0.643888 0.0150154 0.0234329
8 0.862977 0.15806 0.0298424 0.0233586
3 0.0828284 0.696138 0.0194051 0.0199988
3 0.656757 0.824409 0.0169908 0.0210531
3 0.605412 0.605199 0.0161408 0.0278086
3 0.304806 0.136375 0.0150081 0.0190987
3 0.585343 0.621522 0.0157217 0.02263
3 0.689959 0.894526 0.0170224 0.0220983
3 0.319535 0.174921 0.0135812 0.0206893
8 0.86858 0.155258 0.0204998 0.0209942
3 0.971615 0.585639 0.0139423 0.0226974
