3 0.553208 0.0399067 0.02961 0.0245329
4 0.982668 0.47564 0.0211899 0.0599643
3 0.578676 0.354894 0.0408512 0.0598304
3 0.934239 0.266975 0.0306736 0.0378491
3 0.480401 0.329145 0.0345636 0.0311797
3 0.67148 0.46639 0.0259877 0.0286224
3 0.204161 0.614624 0.0223498 0.033678
3 0.505715 0.0442165 0.0334837 0.0233789
3 0.512163 0.0440815 0.0208794 0.0210704
3 0.179034 0.725534 0.0275996 0.023598
3 0.910645 0.299132 0.024785 0.0408698
3 0.380706 0.0671108 0.02079 0.021322
4 0.570575 0.354154 0.0554569 0.0649855
3 0.46352 0.215032 0.0241974 0.0309152
0 0.415656 0.524042 0.00916787 0.0315606
