3 0.397924 0.519254 0.0208913 0.0144974
3 0.488935 0.0808626 0.0223538 0.0165054
3 0.428926 0.515381 0.0210038 0.0155243
3 0.450967 0.154711 0.0197256 0.0143946
3 0.675192 0.544576 0.0198873 0.0144657
3 0.324185 0.193707 0.0186298 0.0132747
3 0.562033 0.618072 0.0195241 0.0158495
3 0.543682 0.728232 0.0170852 0.0146402
3 0.56363 0.876648 0.0219226 0.0154265
3 0.541841 0.0414278 0.0236838 0.0131368
3 0.670192 0.94644 0.0248352 0.0166435
3 0.599725 0.496803 0.0210481 0.0146538
3 0.342634 0.382352 0.0199625 0.0141175
3 0.548166 0.933896 0.0248864 0.0193624
3 0.543366 0.445528 0.0198232 0.0144043
3 0.671452 0.868887 0.0211302 0.0158943
3 0.70749 0.59013 0.0199472 0.0157706
3 0.447908 0.498264 0.021375 0.016405
3 0.402551 0.606263 0.0228104 0.0157142
3 0.301786 0.371983 0.0207592 0.0142555
3 0.394197 0.428767 0.0226256 0.017326
3 0.395874 0.139337 0.0246912 0.0123046
3 0.506711 0.588327 0.0186004 0.0136849
3 0.566269 0.0839225 0.0214705 0.0111925
3 0.712936 0.764663 0.0172994 0.0154148
3 0.318068 0.149281 0.0245512 0.0157902
3 0.267688 0.232339 0.0173375 0.0135979
3 0.58482 0.603244 0.0222011 0.0157601
3 0.184228 0.502052 0.0185058 0.0159431
3 0.414038 0.159395 0.0218347 0.0146702
3 0.464581 0.581187 0.0213972 0.0167301
3 0.48824 0.511123 0.0223155 0.0155691
3 0.231888 0.305573 0.0175046 0.0130699
3 0.359701 0.481999 0.0222721 0.0163915
3 0.580352 0.75157 0.0160248 0.0168363
3 0.862739 0.722799 0.0204198 0.0170954
3 0.714709 0.735062 0.0184869 0.0149477
8 0.425711 0.635525 0.0459316 0.0484835
3 0.0338126 0.240051 0.0192335 0.0134134
3 0.265857 0.316008 0.017809 0.0124685
3 0.466868 0.730491 0.017554 0.0156513
3 0.625021 0.661938 0.0183397 0.0148178
3 0.209447 0.237453 0.0194259 0.0166667
3 0.467308 0.981471 0.0246063 0.0173922
3 0.550056 0.567086 0.017685 0.0149397
3 0.496993 0.619424 0.0189772 0.0144314
3 0.505255 0.971935 0.0247619 0.0160309
3 0.655803 0.0432858 0.024063 0.0142408
3 0.53217 0.689393 0.0185537 0.0147079
3 0.605924 0.866292 0.0217666 0.0154755
3 0.324629 0.395537 0.0206572 0.0161188
3 0.489217 0.925221 0.0236933 0.0154068
3 0.484698 0.450665 0.0214479 0.0146408
3 0.631289 0.987587 0.0275732 0.0202955
3 0.0713368 0.261611 0.0172677 0.0158698
3 0.162475 0.398633 0.0203526 0.0165239
3 0.637293 0.681987 0.0183474 0.0168442
3 0.173097 0.531208 0.0206344 0.0174501
3 0.433786 0.093187 0.020637 0.0132648
3 0.515895 0.930506 0.0226401 0.0174366
3 0.468559 0.409814 0.0204044 0.0169865
3 0.745182 0.764333 0.0158978 0.0178022
3 0.605091 0.69117 0.0179369 0.0158074
3 0.29725 0.236753 0.0167386 0.0149589
3 0.362691 0.139405 0.0180125 0.0115863
3 0.739442 0.659115 0.0177115 0.0166523
3 0.294778 0.193397 0.0194181 0.015406
3 0.294689 0.139676 0.0197449 0.0124847
3 0.620127 0.930748 0.0226824 0.0167543
3 0.0247703 0.341655 0.0205521 0.0203676
3 0.562129 0.419396 0.0265109 0.0124957
3 0.528998 0.549051 0.0215964 0.0130929
3 0.256464 0.207623 0.016793 0.0132947
3 0.644532 0.773117 0.0190065 0.0162046
3 0.516138 0.64252 0.020811 0.0168132
3 0.634427 0.813803 0.0175553 0.0158731
3 0.291036 0.269936 0.017091 0.0143067
3 0.55112 0.106934 0.0233685 0.0131849
3 0.364028 0.73825 0.0267981 0.0147433
3 0.475522 0.907078 0.0224427 0.018054
3 0.713305 0.70548 0.0181759 0.0184172
3 0.618436 0.255818 0.019717 0.0209411
3 0.642643 0.71205 0.0191846 0.0159849
3 0.410719 0.0705052 0.0181229 0.0128843
3 0.426824 0.366102 0.0171941 0.0133111
3 0.699862 0.621493 0.0225288 0.0168911
3 0.61035 0.721977 0.0201872 0.0183211
3 0.638647 0.52417 0.0198396 0.0130453
3 0.609188 0.785878 0.0208218 0.0206138
3 0.432684 0.110202 0.0199763 0.0126171
3 0.367492 0.114945 0.0182972 0.0123749
3 0.257005 0.690494 0.0277678 0.0163133
3 0.629549 0.558887 0.0196271 0.0136073
3 0.548952 0.660085 0.0174918 0.0173296
3 0.608355 0.627451 0.0183619 0.0143396
3 0.132333 0.478975 0.0223637 0.0211235
3 0.519491 0.567852 0.0197987 0.014748
3 0.378868 0.0971116 0.0212985 0.0127768
3 0.446321 0.185823 0.0173494 0.0135025
3 0.847069 0.683204 0.0175133 0.0147175
3 0.466578 0.123934 0.0198486 0.0125197
3 0.197439 0.26989 0.0182624 0.0169027
3 0.49871 0.872186 0.0234102 0.017926
3 0.591189 0.547777 0.0221284 0.0180423
3 0.392068 0.235144 0.0173284 0.0124831
3 0.193468 0.556589 0.0233089 0.0222372
3 0.780778 0.785135 0.0175164 0.0168492
3 0.260924 0.496265 0.0267972 0.0145893
3 0.657534 0.177562 0.0206134 0.0192186
3 0.555861 0.836995 0.0216025 0.0163505
3 0.862537 0.911707 0.0242605 0.0154946
3 0.29404 0.310101 0.0180201 0.0180669
3 0.374505 0.209242 0.0176305 0.0129137
3 0.313876 0.349238 0.0205558 0.0151796
3 0.652648 0.0132586 0.0270202 0.0155604
3 0.36013 0.240583 0.0167294 0.0121816
3 0.516512 0.453402 0.0209139 0.0148316
3 0.648841 0.599322 0.0237561 0.0178737
3 0.405726 0.744979 0.0250136 0.015622
3 0.793918 0.966005 0.0263237 0.0177994
3 0.690615 0.0425686 0.0228604 0.0136747
3 0.481328 0.0422148 0.0217523 0.0112101
3 0.255533 0.354181 0.0212341 0.0137545
3 0.243714 0.335408 0.0189198 0.0128927
3 0.619983 0.30534 0.0181358 0.0171805
3 0.516868 0.0940312 0.0223536 0.0133775
3 0.67652 0.393259 0.023054 0.0161845
3 0.443352 0.0579725 0.0189924 0.0127216
3 0.780867 0.746075 0.0196559 0.0158413
3 0.673922 0.390536 0.0235242 0.0138263
3 0.224362 0.203446 0.0218277 0.0184498
3 0.554528 0.518338 0.0203397 0.0168933
3 0.587221 0.992966 0.0243998 0.013622
3 0.238217 0.370379 0.0213051 0.0121824
3 0.361333 0.576563 0.024209 0.0132818
3 0.701087 0.879494 0.0194703 0.0168701
3 0.82891 0.87283 0.0228854 0.0185465
3 0.450419 0.474784 0.021136 0.013091
3 0.444718 0.25982 0.016197 0.0129585
3 0.592297 0.00387431 0.0247529 0.00774861
3 0.569045 0.678407 0.0188453 0.0218891
3 0.62295 0.321068 0.0167622 0.015009
3 0.422382 0.18133 0.0181463 0.0131977
3 0.659159 0.373544 0.027812 0.0128351
3 0.691812 0.221122 0.0285384 0.0127066
3 0.400242 0.212028 0.0168037 0.0141463
3 0.64675 0.738062 0.0178139 0.0147831
3 0.459448 0.696027 0.0184916 0.0144575
3 0.592314 0.824053 0.0215476 0.016634
3 0.350295 0.166115 0.0205127 0.0148036
3 0.682077 0.124034 0.0178728 0.0121443
3 0.614136 0.536475 0.0234663 0.0136853
3 0.340651 0.110407 0.0215666 0.014447
3 0.12641 0.358121 0.0227962 0.0147648
3 0.422686 0.229073 0.0172077 0.0132207
3 0.684711 0.602594 0.0209622 0.0166526
