8 0.156506 0.884718 0.0638675 0.0713117
8 0.225467 0.8239 0.0435084 0.0543314
3 0.378384 0.827201 0.0194988 0.02438
3 0.510024 0.915057 0.0195996 0.025293
3 0.49924 0.84583 0.0166956 0.0237408
3 0.157895 0.845269 0.028003 0.0269835
3 0.223221 0.91049 0.026622 0.0337446
3 0.271167 0.884221 0.0286127 0.0344748
3 0.115213 0.906261 0.0229801 0.0282558
3 0.309103 0.87546 0.0266976 0.0281229
3 0.383369 0.757192 0.0156038 0.0205827
3 0.227891 0.87647 0.0198082 0.0210947
3 0.548318 0.9733 0.0333068 0.0281869
3 0.299631 0.8554 0.0280458 0.0268494
3 0.400574 0.762154 0.015602 0.0231754
3 0.367343 0.779302 0.0181854 0.0233486
3 0.272238 0.807402 0.0196475 0.0241251
3 0.286743 0.90423 0.0294121 0.0306755
3 0.26942 0.772821 0.0201537 0.0237293
3 0.254212 0.825027 0.0218294 0.0275041
3 0.364273 0.850748 0.0217242 0.0233503
3 0.401342 0.73242 0.0136302 0.0193913
3 0.0992401 0.873032 0.0344581 0.030099
3 0.20558 0.874731 0.0243122 0.0257819
3 0.351988 0.795409 0.0185914 0.0247774
3 0.344528 0.693786 0.0135634 0.0146685
3 0.40359 0.692993 0.0181131 0.0161933
3 0.17313 0.900668 0.033332 0.0308084
3 0.382139 0.708456 0.0206658 0.0221484
3 0.374184 0.793889 0.0232899 0.0269214
3 0.408171 0.654661 0.0122935 0.0146172
3 0.322461 0.796443 0.0189177 0.026384
3 0.371653 0.795824 0.01948 0.0254844
3 0.307748 0.810054 0.0198785 0.0233855
3 0.0150987 0.907125 0.0301324 0.0287902
3 0.32002 0.758229 0.0169703 0.0203933
3 0.863655 0.789389 0.0328497 0.0163486
3 0.318258 0.833625 0.0225948 0.0268087
3 0.513564 0.704837 0.0126833 0.0169971
3 0.255319 0.792338 0.0214019 0.0242533
3 0.334823 0.769453 0.0177815 0.0225157
3 0.371672 0.672869 0.0127768 0.0155447
3 0.355967 0.816685 0.0196183 0.0227806
3 0.349629 0.755071 0.0157538 0.0180908
3 0.308304 0.825002 0.0236139 0.0261851
3 0.294929 0.792215 0.0196814 0.0230774
3 0.316284 0.830705 0.0220219 0.0281134
3 0.367642 0.729744 0.0176087 0.0194024
3 0.295631 0.809464 0.0235554 0.0227612
3 0.335261 0.73954 0.0162936 0.0223038
3 0.439926 0.645067 0.0150537 0.0134584
3 0.283729 0.779039 0.0193805 0.023247
3 0.333711 0.817914 0.0190793 0.0220752
3 0.387726 0.706859 0.0169213 0.0196901
3 0.383686 0.710907 0.0178476 0.0186442
3 0.452422 0.629879 0.0137913 0.0132818
3 0.388853 0.684365 0.0149451 0.0178675
3 0.347062 0.724253 0.0187352 0.0191441
3 0.293548 0.831964 0.0247857 0.0250091
3 0.334611 0.765839 0.0160341 0.0253477
3 0.248315 0.87935 0.0275368 0.0319217
3 0.255467 0.771953 0.0187465 0.0201459
3 0.421723 0.64298 0.0101036 0.0112701
3 0.337835 0.81518 0.0245698 0.0240837
3 0.39022 0.675707 0.017087 0.0173006
3 0.39455 0.773481 0.0134576 0.0225862
3 0.40989 0.682928 0.0129171 0.0142068
3 0.409666 0.652613 0.0118372 0.0152648
3 0.236335 0.842671 0.0265899 0.0259412
3 0.312198 0.741188 0.0174393 0.0199442
0 0.0426541 0.965584 0.0116005 0.0307808
3 0.303392 0.760496 0.0174662 0.0219191
3 0.373015 0.658321 0.0125729 0.0159083
3 0.299125 0.728886 0.0170944 0.0176515
3 0.277696 0.810262 0.0196033 0.0224023
8 0.431012 0.676699 0.0212991 0.0306027
3 0.301125 0.77338 0.0189654 0.0239615
3 0.917922 0.744737 0.0149063 0.0180839
3 0.28657 0.782836 0.0237928 0.0257115
3 0.198525 0.873914 0.0298365 0.0270261
3 0.327972 0.693761 0.0117506 0.017429
3 0.344564 0.743036 0.0202399 0.0215041
3 0.290306 0.744514 0.0208132 0.0204638
3 0.393074 0.688111 0.0142307 0.0161372
3 0.258601 0.806957 0.0233358 0.0241749
3 0.386269 0.783012 0.0150596 0.0224459
3 0.282478 0.753492 0.0187413 0.0202974
3 0.315174 0.739366 0.020362 0.0185927
3 0.301436 0.731543 0.0178537 0.0188701
3 0.471448 0.620958 0.0104614 0.0146204
3 0.263857 0.88016 0.0298154 0.0347667
3 0.298894 0.775611 0.0184249 0.0235987
