8 0.870921 0.639212 0.0182045 0.0480079
3 0.88369 0.572099 0.0111431 0.0237058
8 0.879723 0.690792 0.0221727 0.0652358
3 0.919642 0.737322 0.0137806 0.0275537
3 0.879334 0.413029 0.0129509 0.0227134
3 0.911709 0.582295 0.012051 0.0243622
8 0.897418 0.790959 0.0251835 0.0633252
3 0.921656 0.63539 0.0130659 0.0236138
3 0.794473 0.226984 0.0148258 0.0226891
3 0.864248 0.325499 0.0121811 0.0187199
3 0.851127 0.434934 0.0142254 0.0199453
3 0.855443 0.552577 0.0119491 0.0206747
3 0.914794 0.787628 0.0153834 0.0301774
3 0.93399 0.69496 0.0119152 0.0231117
4 0.594951 0.985483 0.0111284 0.0257229
3 0.859609 0.303292 0.00985833 0.020289
3 0.937126 0.7171 0.0112972 0.0247375
3 0.946564 0.761296 0.0131901 0.0279901
3 0.930807 0.680925 0.0118046 0.0212144
4 0.101285 0.613691 0.0187962 0.0512548
3 0.856376 0.272427 0.0115343 0.0166608
4 0.568967 0.987698 0.0112221 0.0225348
3 0.844292 0.498807 0.0128017 0.0232649
3 0.895523 0.646285 0.0192333 0.026479
3 0.517189 0.987851 0.0105549 0.0227838
3 0.826349 0.314617 0.0123737 0.0232812
3 0.840665 0.472408 0.0111141 0.024109
3 0.85979 0.290271 0.0119879 0.0162822
3 0.946236 0.802913 0.0258382 0.0245801
3 0.947142 0.807365 0.0268789 0.0195981
3 0.851324 0.251333 0.0124622 0.0199035
4 0.543752 0.987377 0.010955 0.0235319
3 0.645348 0.983307 0.0106867 0.0266767
3 0.79668 0.163259 0.0117385 0.0206871
3 0.898976 0.50328 0.0122584 0.0224726
3 0.0396009 0.812186 0.0131029 0.0303451
4 0.61924 0.984977 0.011171 0.0272404
5 0.101293 0.613512 0.018449 0.0511768
3 0.0607291 0.795364 0.0106897 0.0223128
3 0.0531502 0.577173 0.0112807 0.0281246
3 0.904234 0.543735 0.00941201 0.0225141
3 0.0429232 0.771923 0.0126524 0.0273519
4 0.695013 0.980542 0.0115637 0.028187
3 0.855923 0.525829 0.0146499 0.0248358
3 0.821921 0.158859 0.00885806 0.0171896
3 0.835172 0.442189 0.0116455 0.0242248
3 0.887022 0.741668 0.0143764 0.031142
3 0.05542 0.544955 0.0123149 0.0262792
3 0.363214 0.99202 0.0116088 0.0159591
3 0.491158 0.988366 0.00981217 0.0220573
3 0.913052 0.52187 0.00953144 0.0197181
