3 0.68997 0.991287 0.0259261 0.0174258
3 0.756589 0.945445 0.0182173 0.0221568
3 0.74742 0.918625 0.0185583 0.0182326
3 0.693871 0.811191 0.0189239 0.0226554
3 0.676114 0.953298 0.01672 0.0204421
3 0.970091 0.76923 0.0167645 0.0226792
3 0.6817 0.790888 0.0179853 0.0231143
4 0.632185 0.890738 0.0152934 0.02796
3 0.950094 0.79115 0.0182079 0.0235598
3 0.630051 0.732402 0.014539 0.019971
3 0.645371 0.98295 0.0173822 0.0266836
3 0.0150448 0.715281 0.0138215 0.0161681
3 0.915676 0.863401 0.022755 0.0256487
3 0.956208 0.49679 0.0116241 0.0203187
3 0.639738 0.829099 0.0190121 0.0195285
3 0.722175 0.953232 0.0210168 0.0256529
3 0.745248 0.991877 0.0206384 0.0162461
3 0.659768 0.974516 0.0161502 0.0241508
3 0.969003 0.628171 0.0149046 0.0189688
3 0.994485 0.527412 0.0102169 0.0233252
3 0.67272 0.959962 0.0174641 0.0251152
3 0.718088 0.972326 0.0179276 0.0248853
3 0.627918 0.80979 0.0186933 0.0197366
3 0.769585 0.868395 0.0147642 0.0207659
3 0.915486 0.465364 0.0153364 0.0169273
3 0.923681 0.732904 0.01206 0.0152384
3 0.991666 0.669746 0.0166674 0.0196367
3 0.961143 0.785413 0.0226331 0.0279742
3 0.706999 0.830383 0.0179071 0.0192587
3 0.314256 0.183087 0.0173961 0.023567
3 0.662497 0.971348 0.0163347 0.0267886
3 0.669194 0.768943 0.0177015 0.0203506
3 0.65675 0.865686 0.0172617 0.0220792
3 0.936274 0.814929 0.0129715 0.0242457
3 0.606254 0.845437 0.0132832 0.0190394
3 0.328233 0.175724 0.0173439 0.02321
3 0.266535 0.264291 0.0154638 0.0203931
3 0.979558 0.714689 0.0133857 0.0184539
3 0.619764 0.860485 0.0199833 0.0216671
3 0.232435 0.903268 0.0158092 0.0180866
3 0.754469 0.880912 0.0139672 0.0176822
4 0.651767 0.898282 0.0157816 0.0301971
3 0.710016 0.841626 0.0178494 0.0178103
3 0.912514 0.860684 0.0227591 0.0245774
3 0.964478 0.696513 0.0145551 0.0168159
3 0.672014 0.891832 0.0144899 0.0226388
3 0.718839 0.852582 0.0178697 0.020248
3 0.640187 0.986761 0.0189144 0.025146
3 0.955366 0.561926 0.0149936 0.0182248
3 0.955427 0.609382 0.0146557 0.0194002
3 0.80738 0.991127 0.0218059 0.0163195
3 0.962498 0.780774 0.0200586 0.0264177
3 0.987912 0.756967 0.0202377 0.0280364
3 0.0558042 0.775029 0.0158694 0.0200881
3 0.342922 0.157358 0.0163071 0.0174163
3 0.0220521 0.751022 0.0130025 0.0182844
3 0.957316 0.787236 0.0242958 0.0278031
3 0.694033 0.896872 0.0185219 0.0191731
3 0.702626 0.925534 0.0206984 0.0178136
3 0.0276603 0.678765 0.0132795 0.0159575
3 0.281711 0.205988 0.0162715 0.0205578
3 0.270596 0.192645 0.009999 0.0171347
3 0.636542 0.990553 0.0208542 0.0188944
3 0.614766 0.783927 0.0156713 0.0189237
3 0.803906 0.468968 0.017234 0.0175528
4 0.969424 0.897162 0.0243126 0.0311091
3 0.646324 0.846173 0.0148474 0.0193018
3 0.978008 0.641759 0.0148854 0.0236434
3 0.668134 0.843089 0.0170516 0.0179242
3 0.98074 0.531041 0.0126469 0.0207593
3 0.692302 0.878834 0.0215759 0.0197122
3 0.938771 0.331214 0.012527 0.0169595
3 0.332167 0.126061 0.015541 0.0189383
3 0.965281 0.73046 0.0126716 0.0162364
3 0.681303 0.786479 0.0186749 0.0229002
3 0.220933 0.923084 0.0164452 0.018502
3 0.736167 0.974056 0.0144585 0.0207901
3 0.945368 0.486003 0.00944098 0.0146476
3 0.910964 0.989688 0.0158737 0.019996
3 0.694387 0.814662 0.0189899 0.0201723
3 0.364636 0.115627 0.0163109 0.0145511
3 0.988397 0.709331 0.0166736 0.0178462
3 0.725915 0.867419 0.0177786 0.0209613
3 0.893557 0.819344 0.0176716 0.0195508
4 0.60738 0.756156 0.0148148 0.0244237
3 0.793068 0.975174 0.0173824 0.022991
4 0.647803 0.922148 0.0187382 0.0242532
3 0.316999 0.85657 0.0138112 0.0259816
4 0.645473 0.898852 0.0169852 0.0307324
3 0.969687 0.549386 0.0140045 0.0189471
3 0.763377 0.11522 0.018533 0.0186248
3 0.895749 0.845708 0.0157768 0.0241764
3 0.642727 0.805443 0.015125 0.0195991
3 0.992183 0.507366 0.0144602 0.0235414
4 0.608391 0.640013 0.014334 0.0202188
3 0.953125 0.738602 0.0152084 0.0179625
3 0.583644 0.805728 0.0161501 0.0211658
3 0.988926 0.989049 0.0212438 0.0198819
3 0.723591 0.863767 0.0185481 0.0233955
3 0.0335008 0.69763 0.00855749 0.0140999
3 0.771074 0.939085 0.0167895 0.026999
3 0.921225 0.306613 0.0116207 0.0182686
3 0.0114511 0.714455 0.0155817 0.017395
4 0.479301 0.549647 0.0170273 0.024045
3 0.940683 0.334175 0.0117558 0.0173601
3 0.913174 0.84366 0.0245354 0.0253368
3 0.740372 0.976756 0.0180389 0.0196362
3 0.31848 0.854009 0.0145165 0.0291537
3 0.920386 0.459437 0.0106964 0.0172363
3 0.281744 0.186831 0.0144538 0.0170726
3 0.322751 0.174282 0.0173921 0.022057
3 0.305006 0.135921 0.016274 0.0190634
3 0.352317 0.101321 0.0168897 0.0148646
3 0.995484 0.701673 0.00874942 0.019135
