4 0.982251 0.476075 0.0226217 0.0578007
3 0.910442 0.298223 0.0267177 0.0402495
3 0.934613 0.266397 0.0292936 0.0387471
3 0.554489 0.0381829 0.0303908 0.0239959
4 0.573628 0.35618 0.050883 0.063776
3 0.204281 0.612959 0.0240337 0.0287194
4 0.581255 0.356073 0.0372585 0.0620224
3 0.512805 0.0445258 0.0204592 0.0200149
3 0.379871 0.0686066 0.0217827 0.0242156
3 0.462211 0.216706 0.0261621 0.0332536
3 0.82558 0.475313 0.0291137 0.0432018
9 0.605123 0.850631 0.020751 0.0300871
3 0.349243 0.156852 0.0198614 0.0282245
3 0.495923 0.0441841 0.0184854 0.0205453
3 0.507345 0.0438911 0.0300457 0.0220278
