3 0.323833 0.193637 0.0194505 0.0133867
3 0.402648 0.605346 0.0234362 0.0161484
3 0.543477 0.728062 0.0165334 0.0141147
3 0.541536 0.0416917 0.0247703 0.0129929
3 0.56605 0.0835124 0.0214851 0.0107662
5 0.426227 0.634687 0.0457756 0.0479448
3 0.563402 0.876574 0.0215922 0.0150852
3 0.0327984 0.240903 0.0163045 0.0129112
3 0.599049 0.496479 0.0209354 0.0132861
3 0.466625 0.730249 0.0185172 0.0145882
3 0.542868 0.445119 0.0197207 0.0129525
3 0.584697 0.60325 0.0213759 0.0146429
3 0.398275 0.518902 0.020961 0.014525
3 0.675008 0.544167 0.0195329 0.0141466
3 0.669951 0.946554 0.0246816 0.0161489
3 0.549949 0.106446 0.0229757 0.0108772
3 0.62504 0.661373 0.0182205 0.0144268
3 0.449777 0.154445 0.0205128 0.0136999
3 0.266268 0.315192 0.0165509 0.0116861
3 0.531936 0.68921 0.0190412 0.0138639
3 0.41403 0.159334 0.0218725 0.0140471
3 0.549385 0.56672 0.0177959 0.0143755
3 0.655727 0.0432382 0.0224219 0.0119518
3 0.6293 0.55891 0.019482 0.0139015
3 0.29718 0.2369 0.0163434 0.0143653
3 0.231824 0.305724 0.0163018 0.012259
3 0.447975 0.498175 0.0205141 0.0152048
3 0.738628 0.658411 0.0171814 0.0163504
3 0.18436 0.501536 0.0180268 0.0147644
3 0.561278 0.617867 0.0190846 0.0148856
3 0.707566 0.590315 0.0201064 0.0149496
3 0.62003 0.929957 0.0233393 0.0160255
3 0.67116 0.869193 0.0202331 0.0152975
3 0.428641 0.515619 0.0206848 0.0146015
3 0.268126 0.232134 0.0168945 0.0131599
3 0.173371 0.530789 0.0202505 0.0171688
3 0.363938 0.738179 0.0273581 0.0145252
3 0.341913 0.3819 0.0200447 0.0136495
3 0.579805 0.750951 0.0154797 0.0149618
3 0.316813 0.149172 0.0249771 0.0152357
3 0.528638 0.54872 0.0204067 0.0124621
3 0.489137 0.924998 0.0241444 0.0152679
3 0.427085 0.36612 0.0165982 0.0127729
3 0.496721 0.619133 0.0181759 0.0142284
3 0.432312 0.110123 0.0192695 0.0114962
3 0.714641 0.73443 0.0174023 0.0136867
3 0.0710099 0.261859 0.0156234 0.0132266
3 0.41069 0.0701385 0.0196355 0.0118021
3 0.256702 0.20823 0.0173834 0.0133918
3 0.60624 0.866342 0.0221899 0.0154886
3 0.358781 0.481833 0.0223844 0.0146956
3 0.515737 0.929655 0.022365 0.0167767
3 0.467044 0.981104 0.025376 0.0173981
3 0.294318 0.311783 0.0168379 0.014319
3 0.780503 0.785203 0.0183183 0.0160118
3 0.366822 0.114022 0.0194776 0.0125383
3 0.243029 0.334953 0.0163798 0.0124902
3 0.359999 0.240246 0.0173483 0.0116834
3 0.255198 0.354143 0.018986 0.012394
3 0.487741 0.510196 0.0212758 0.0149162
3 0.445795 0.185993 0.0188239 0.0144787
3 0.637787 0.523633 0.0192214 0.012087
3 0.563113 0.418906 0.0231495 0.01218
3 0.631954 0.987278 0.0286831 0.0187618
3 0.504876 0.971907 0.0258604 0.0160992
3 0.549039 0.934248 0.0250402 0.0195799
3 0.554986 0.837414 0.022436 0.0155464
3 0.506496 0.588073 0.0186855 0.013827
3 0.324862 0.395474 0.0198174 0.014582
3 0.362065 0.139605 0.0176614 0.0109796
3 0.699549 0.620481 0.0214235 0.0146955
3 0.392395 0.234759 0.0185172 0.0145245
3 0.459205 0.695704 0.0176802 0.0148231
3 0.37335 0.208642 0.0163841 0.0138472
3 0.295226 0.140025 0.0194767 0.0116168
3 0.209227 0.237045 0.018773 0.0165614
3 0.518886 0.0936496 0.020986 0.0108293
3 0.25608 0.689778 0.0276695 0.0176097
3 0.464484 0.581517 0.0214511 0.0157466
3 0.466836 0.123475 0.0219981 0.0124715
3 0.5488 0.659053 0.0185684 0.0174081
3 0.444997 0.259144 0.0162155 0.0152701
3 0.378857 0.0975132 0.0214767 0.0118016
3 0.515828 0.642187 0.0210832 0.0155859
3 0.294527 0.193154 0.0180562 0.0148366
3 0.468162 0.408925 0.0187074 0.0138294
3 0.291574 0.270149 0.0169346 0.0136319
3 0.30118 0.371579 0.0187457 0.0128154
3 0.712903 0.764766 0.0167921 0.0146929
3 0.48861 0.0805853 0.0229934 0.015731
3 0.846783 0.682916 0.0183331 0.0142943
3 0.674867 0.392957 0.0187244 0.0125965
3 0.261274 0.495741 0.0238318 0.0132206
3 0.644321 0.772989 0.0189112 0.0168356
3 0.395404 0.139104 0.0246293 0.0117677
3 0.481512 0.0430106 0.022039 0.0112142
3 0.604776 0.690676 0.0166013 0.0150616
3 0.433485 0.0929404 0.0204467 0.0126329
3 0.642402 0.711587 0.0176212 0.0159799
3 0.862771 0.721901 0.0201696 0.0160809
3 0.399843 0.211585 0.016245 0.0137166
3 0.484353 0.450819 0.020328 0.0138601
3 0.519845 0.567404 0.0193473 0.0131205
3 0.608445 0.627405 0.0181747 0.0140874
3 0.781245 0.74539 0.0197983 0.015066
3 0.49899 0.872024 0.022465 0.0163116
3 0.475467 0.90665 0.0213311 0.0170196
3 0.515535 0.452965 0.0201828 0.0130776
3 0.646058 0.737196 0.0173874 0.0154665
3 0.63379 0.813893 0.0176359 0.0163628
3 0.394094 0.428214 0.0225868 0.0167105
3 0.652572 0.0139349 0.0266118 0.0137718
4 0.132271 0.478488 0.0220174 0.0205942
3 0.361462 0.576828 0.0218635 0.0117062
3 0.672994 0.389051 0.020019 0.0124106
3 0.74385 0.764749 0.0185034 0.0187353
3 0.58693 0.993234 0.0252722 0.0129209
3 0.864802 0.911222 0.0265093 0.014344
3 0.193342 0.555966 0.0226479 0.021803
3 0.197983 0.26939 0.0173443 0.0147779
3 0.690917 0.0421114 0.0212817 0.0127634
3 0.554668 0.518242 0.0224314 0.0174739
4 0.713017 0.705351 0.0182919 0.0174206
3 0.406465 0.745175 0.0245704 0.0154071
3 0.61005 0.720768 0.0170537 0.0147855
3 0.637438 0.681301 0.0189883 0.0165433
3 0.680892 0.124112 0.0188596 0.0124349
3 0.619979 0.305226 0.0154938 0.0154184
3 0.508374 0.116273 0.0106886 0.0101464
3 0.422985 0.181277 0.0180742 0.0119701
4 0.793667 0.965881 0.0257567 0.0167919
4 0.47613 0.905636 0.0227106 0.0177845
3 0.237195 0.370433 0.0173492 0.0121243
3 0.61304 0.536154 0.0217807 0.013237
3 0.450152 0.474367 0.0195073 0.012566
3 0.678694 0.0231661 0.0244341 0.0113957
4 0.608951 0.78516 0.0195778 0.0209249
3 0.384492 0.262782 0.0177312 0.015267
3 0.162661 0.398566 0.0193477 0.0150766
3 0.313977 0.348918 0.0186126 0.0154458
3 0.443092 0.0568575 0.0228058 0.0115689
3 0.701141 0.879277 0.0200252 0.0164555
3 0.655917 0.373144 0.0204876 0.0116198
3 0.591824 0.824088 0.020125 0.0163658
3 0.261159 0.296909 0.0170561 0.0111905
3 0.350515 0.167208 0.0200925 0.0137872
4 0.649171 0.59999 0.0244594 0.0184528
3 0.623367 0.321782 0.0148431 0.013108
3 0.69402 0.221234 0.0237571 0.0119857
3 0.592067 0.0045947 0.0241833 0.00896585
3 0.681553 0.0245479 0.0217884 0.01148
3 0.616316 0.297612 0.0163075 0.0129213
4 0.554695 0.517644 0.0230755 0.0166449
3 0.590907 0.54673 0.021746 0.0158628
3 0.425265 0.228949 0.0192074 0.0127271
3 0.648832 0.599757 0.0239807 0.0183548
3 0.828712 0.872459 0.0227135 0.0186966
3 0.747141 0.155312 0.0157688 0.0140238
3 0.0128149 0.221973 0.0145674 0.0122406
3 0.609612 0.785429 0.0203425 0.0202791
3 0.33995 0.111559 0.0205765 0.0119084
3 0.616698 0.258963 0.0176624 0.0163933
