8 0.157296 0.882883 0.0638739 0.0734119
3 0.37825 0.827191 0.0197715 0.0242587
8 0.224788 0.823174 0.0438088 0.0517553
3 0.509546 0.914725 0.0188494 0.0247635
3 0.498991 0.844978 0.016787 0.023667
3 0.271238 0.883891 0.0291242 0.0344515
3 0.36451 0.850239 0.0228717 0.0239086
3 0.158018 0.844316 0.0289677 0.02595
3 0.546965 0.973765 0.030709 0.0282374
3 0.115629 0.905249 0.0250273 0.0298229
3 0.286354 0.904579 0.0290432 0.0318836
3 0.308402 0.875221 0.0249571 0.0287564
3 0.382969 0.756494 0.0158517 0.0196158
3 0.366761 0.777776 0.0172535 0.0236539
3 0.300272 0.856382 0.026444 0.0265186
3 0.371977 0.796312 0.0194323 0.0232914
3 0.403077 0.69463 0.016823 0.0174047
3 0.227602 0.876001 0.0202335 0.0222437
3 0.513747 0.705011 0.0126613 0.0172086
8 0.431306 0.675219 0.0247337 0.0350489
3 0.400301 0.761754 0.0152178 0.0222319
3 0.863995 0.788817 0.0323726 0.0161311
3 0.274327 0.807828 0.0209634 0.0220586
3 0.25411 0.824701 0.0221944 0.0246573
3 0.319914 0.758603 0.0172888 0.0203117
3 0.223371 0.910042 0.0259541 0.0335216
3 0.206729 0.873405 0.0280089 0.0286084
3 0.343949 0.693814 0.0138652 0.0147507
3 0.269382 0.772271 0.0191515 0.0219206
3 0.352013 0.793352 0.0176707 0.0236461
3 0.3491 0.754921 0.0159175 0.0174559
3 0.388404 0.707062 0.0159045 0.0187739
3 0.370494 0.671064 0.0134447 0.0142757
3 0.333931 0.769521 0.0186183 0.0210293
3 0.33352 0.817278 0.0200709 0.0218605
3 0.254308 0.790928 0.0212865 0.0216184
3 0.322412 0.797685 0.0203918 0.0247626
3 0.390268 0.673474 0.0161429 0.0142502
3 0.401358 0.732407 0.0134571 0.0192527
3 0.283357 0.782171 0.0225528 0.0242186
3 0.318031 0.834397 0.0218513 0.0245355
3 0.379255 0.704713 0.0166368 0.0166279
3 0.40779 0.655098 0.0126276 0.014345
3 0.294255 0.790827 0.019723 0.0201827
3 0.391458 0.686823 0.0142842 0.0159309
3 0.293112 0.833975 0.025259 0.0252951
3 0.293436 0.811445 0.0234647 0.0214091
3 0.0147187 0.906017 0.0293446 0.0282104
3 0.344402 0.740232 0.0194124 0.0174019
3 0.355436 0.815693 0.0196056 0.0217217
3 0.248471 0.876262 0.0268736 0.0298947
3 0.439263 0.644245 0.0146232 0.0131962
3 0.336229 0.729023 0.0141948 0.0168822
3 0.30569 0.824738 0.0256669 0.0249839
3 0.367091 0.731139 0.0168713 0.0187726
3 0.303788 0.758154 0.0192318 0.0187706
3 0.352638 0.721913 0.0190785 0.0176655
3 0.302689 0.773294 0.0202933 0.0206316
3 0.278354 0.811157 0.0245876 0.0199647
3 0.335566 0.743693 0.0151571 0.0193356
3 0.452839 0.629228 0.0138279 0.0132886
3 0.311047 0.740234 0.0169576 0.0179064
3 0.410335 0.683043 0.0139198 0.0144178
3 0.316743 0.739679 0.0199427 0.0167853
3 0.421169 0.6434 0.0101786 0.0120735
3 0.327265 0.693315 0.0120547 0.0168925
3 0.307553 0.811754 0.0185326 0.0219435
3 0.299713 0.728685 0.0181156 0.0161985
3 0.289244 0.812093 0.0231162 0.0186407
3 0.100801 0.871462 0.0348518 0.0299614
3 0.375949 0.718047 0.0175677 0.018794
3 0.347278 0.724204 0.0163137 0.0177888
3 0.37928 0.689059 0.0126145 0.0153826
3 0.236957 0.844202 0.0270211 0.0263417
3 0.334323 0.764701 0.0166441 0.0228137
3 0.337188 0.815226 0.0239008 0.0212208
3 0.918256 0.744493 0.0139535 0.0193311
3 0.316461 0.831472 0.0224398 0.0262735
3 0.389405 0.684769 0.0169291 0.0159321
3 0.372191 0.655164 0.01319 0.0132274
3 0.408747 0.652515 0.0123508 0.0148933
3 0.386246 0.78236 0.0140685 0.0198747
3 0.363563 0.697224 0.0146031 0.0155234
3 0.177231 0.899536 0.0350562 0.0326979
3 0.354196 0.670161 0.011909 0.0136806
3 0.423142 0.628482 0.0121746 0.0121018
3 0.281807 0.757341 0.019138 0.0193611
3 0.319561 0.802006 0.023319 0.0283756
3 0.439015 0.646929 0.014035 0.0154394
3 0.340663 0.838326 0.0214048 0.0272041
3 0.290477 0.746472 0.0201764 0.0183481
0 0.289004 0.942314 0.00673286 0.0231447
3 0.254695 0.771743 0.0184786 0.0181977
3 0.286132 0.745902 0.0179079 0.0178342
3 0.362309 0.780189 0.020597 0.0201676
3 0.470973 0.620553 0.0108064 0.0140633
3 0.387822 0.679149 0.0163048 0.0150996
0 0.0428631 0.964594 0.00955611 0.028167
3 0.200683 0.866359 0.0254946 0.0307187
3 0.300154 0.76435 0.0183207 0.0196499
3 0.30208 0.731106 0.0190844 0.0178835
3 0.450018 0.626187 0.014307 0.0120224
3 0.448747 0.654482 0.0148117 0.0130119
3 0.36496 0.713625 0.0140026 0.0184365
3 0.300525 0.794877 0.0258826 0.0231308
3 0.450742 0.654735 0.014778 0.0144079
3 0.340588 0.674825 0.0138137 0.0174463
3 0.547726 0.719953 0.0164304 0.0199843
3 0.263036 0.881104 0.0280882 0.0333264
3 0.429723 0.661759 0.017921 0.0164661
3 0.369981 0.665371 0.013022 0.0161102
3 0.933146 0.706483 0.0237583 0.0154388
3 0.487163 0.58706 0.0142812 0.0114865
3 0.360118 0.713088 0.0145305 0.0158505
3 0.437628 0.642846 0.0142204 0.0138645
3 0.320038 0.777963 0.0195973 0.022981
3 0.41096 0.679584 0.0146923 0.0148104
