3 0.88403 0.571974 0.0107304 0.0225201
8 0.870375 0.638847 0.0174233 0.0481624
3 0.879447 0.413716 0.0124838 0.0209297
3 0.864483 0.326615 0.0123452 0.0167708
3 0.919651 0.738022 0.0136278 0.0273046
8 0.879779 0.690504 0.0213222 0.0636337
3 0.0557421 0.545776 0.0135993 0.0282827
3 0.851208 0.435203 0.0140983 0.0192621
3 0.0396689 0.811725 0.0135795 0.0310072
3 0.856184 0.525783 0.014196 0.0244531
3 0.0535536 0.576824 0.011116 0.0288388
3 0.912186 0.583297 0.0118622 0.0205035
3 0.922384 0.6356 0.0129765 0.0215258
3 0.946865 0.764105 0.0123684 0.0223335
3 0.594961 0.985909 0.0118912 0.0245548
3 0.64523 0.984328 0.010943 0.0249701
4 0.101494 0.613032 0.0185758 0.0512147
3 0.794539 0.226304 0.013121 0.0179438
3 0.517518 0.987671 0.011958 0.0228484
3 0.0430332 0.773925 0.0140417 0.0263089
3 0.619334 0.985267 0.0112425 0.0257226
3 0.0550835 0.514133 0.0139147 0.0190739
8 0.897496 0.789627 0.0209543 0.0599557
3 0.898879 0.503432 0.0118105 0.021584
3 0.943205 0.808576 0.0165081 0.0171927
3 0.857174 0.274321 0.011676 0.0146964
3 0.0658656 0.311932 0.012899 0.0154446
3 0.933752 0.693999 0.0118437 0.019768
3 0.840862 0.4736 0.0112175 0.0225606
3 0.855845 0.552909 0.0111425 0.0206076
3 0.844259 0.498748 0.0125375 0.0225607
3 0.93136 0.679913 0.0117473 0.0147678
3 0.896408 0.647226 0.0178444 0.0282218
3 0.835109 0.441999 0.0114086 0.0192604
3 0.0966921 0.771444 0.0128405 0.0239173
3 0.940239 0.800173 0.0116802 0.0195178
3 0.989306 0.723301 0.0213751 0.0154262
3 0.0523674 0.623597 0.013848 0.0253532
3 0.0677174 0.289325 0.0124207 0.0147376
3 0.860038 0.30276 0.0113676 0.0159577
3 0.937507 0.716422 0.0112533 0.0219804
3 0.568852 0.987164 0.012332 0.0227535
3 0.863987 0.315293 0.0114262 0.0127853
3 0.851873 0.253621 0.0113934 0.0155951
3 0.0541477 0.554612 0.0122138 0.0271459
3 0.491409 0.988343 0.0110419 0.021729
3 0.933497 0.690955 0.0112682 0.0171049
3 0.859891 0.288605 0.0119625 0.011607
3 0.363083 0.992028 0.0128634 0.0159442
3 0.859424 0.279985 0.0125641 0.0161682
3 0.915757 0.793338 0.0132971 0.0202335
