3 0.69436 0.812674 0.0183672 0.0226455
3 0.98716 0.757946 0.0208805 0.02959
3 0.628254 0.809029 0.0200592 0.0206609
3 0.916112 0.465498 0.0143517 0.0178515
3 0.966974 0.772752 0.019157 0.0260315
3 0.757661 0.9455 0.0170345 0.0212543
3 0.681886 0.791861 0.0173896 0.0228911
4 0.491989 0.919671 0.0237927 0.0525354
3 0.0569754 0.777032 0.0182817 0.0252115
3 0.640796 0.829738 0.0187986 0.0200276
3 0.96999 0.62862 0.0155464 0.0200919
3 0.655997 0.865912 0.018021 0.0213198
3 0.606739 0.845618 0.0135376 0.0190235
3 0.667926 0.842297 0.0174356 0.0195399
3 0.676469 0.953932 0.0166685 0.0200913
3 0.956618 0.496295 0.0117572 0.0186668
3 0.962801 0.782283 0.0229459 0.0315734
3 0.628683 0.732649 0.0162222 0.0213874
3 0.690158 0.99163 0.0249609 0.0158952
3 0.669397 0.768607 0.0170749 0.0210937
3 0.707203 0.833881 0.0183218 0.0228215
3 0.748007 0.918463 0.0176805 0.017065
3 0.76924 0.868549 0.014558 0.0203472
3 0.957633 0.785545 0.0259163 0.0305912
3 0.715684 0.972804 0.0123816 0.0219138
3 0.807895 0.99144 0.0198601 0.0151217
3 0.61997 0.860769 0.0178215 0.0220269
3 0.00866585 0.672304 0.0148333 0.0211436
3 0.0279698 0.678916 0.0152365 0.0182886
3 0.671672 0.891333 0.0147877 0.0219973
3 0.956011 0.608923 0.0135818 0.0183076
3 0.632636 0.890825 0.014818 0.0269735
3 0.662483 0.969466 0.0156225 0.0233693
3 0.991893 0.670582 0.0162149 0.0178835
3 0.709691 0.839325 0.0187524 0.0205003
3 0.992412 0.506445 0.0138385 0.0221426
3 0.0221999 0.752668 0.0149252 0.0236528
3 0.723412 0.950144 0.0170817 0.0223574
4 0.479668 0.55128 0.0170057 0.025291
3 0.0070614 0.661998 0.0137535 0.0203932
3 0.98153 0.714411 0.013007 0.0206322
3 0.744607 0.993232 0.0195981 0.013537
3 0.923034 0.732993 0.0114841 0.015283
3 0.638335 0.832755 0.0177049 0.0179785
4 0.647673 0.923228 0.018473 0.026738
3 0.954983 0.738315 0.0171844 0.0191503
3 0.994489 0.529002 0.0102181 0.0232165
3 0.914445 0.863094 0.0216537 0.0244932
3 0.607054 0.640042 0.0145948 0.0202979
3 0.657689 0.97491 0.0173856 0.0229918
3 0.0134958 0.714889 0.0164386 0.0187046
3 0.860005 0.753405 0.0172273 0.0225688
3 0.723246 0.953419 0.0192529 0.0250824
3 0.0107448 0.714172 0.0191086 0.0201319
4 0.634045 0.894959 0.0150389 0.0278223
3 0.777768 0.974124 0.0180605 0.0225994
3 0.911485 0.861216 0.0213779 0.0215846
3 0.980323 0.52867 0.0134483 0.0229205
3 0.634076 0.893276 0.0131268 0.0274693
3 0.769428 0.939986 0.0212467 0.0254668
3 0.413272 0.779697 0.0215507 0.030431
