4 0.982789 0.475781 0.0210504 0.0594618
3 0.553102 0.040036 0.0291741 0.0244763
4 0.576505 0.35495 0.0441681 0.0600293
3 0.672783 0.467359 0.029246 0.0317673
9 0.607672 0.850859 0.0158446 0.0254353
3 0.505468 0.0442121 0.0328167 0.0230282
3 0.79382 0.746008 0.0350797 0.0427867
3 0.511103 0.0440231 0.0220538 0.0213445
3 0.475952 0.330345 0.0433843 0.0317768
3 0.933955 0.267209 0.0294594 0.036538
3 0.67583 0.472031 0.0337354 0.0325374
3 0.380663 0.0673274 0.0211033 0.0218933
3 0.582097 0.355221 0.0332973 0.0597793
3 0.381962 0.0915657 0.023377 0.0242542
0 0.415655 0.524294 0.00941432 0.0313401
3 0.498577 0.0449381 0.022521 0.022209
