3 0.398104 0.519423 0.0212225 0.0144182
3 0.428686 0.515347 0.0212684 0.0157774
3 0.563626 0.877179 0.0234036 0.0163532
3 0.543365 0.728467 0.018419 0.0150862
3 0.488775 0.0811532 0.0218227 0.0155257
3 0.675268 0.54461 0.0201226 0.0143769
3 0.56173 0.618241 0.019605 0.015674
3 0.541831 0.0414241 0.0230927 0.0127851
3 0.450783 0.154475 0.0196511 0.0139669
3 0.548404 0.934197 0.0270103 0.0201048
3 0.402097 0.606838 0.0221478 0.0160978
3 0.671654 0.869194 0.0215675 0.0151604
3 0.707404 0.590009 0.0198204 0.0157347
3 0.712735 0.765031 0.0181661 0.0155498
3 0.599742 0.496703 0.0211669 0.0142717
3 0.543233 0.44549 0.0197258 0.0137354
3 0.670624 0.946393 0.0263588 0.0171062
3 0.324254 0.194213 0.0188608 0.0128083
3 0.394128 0.428911 0.0226956 0.0173664
3 0.342685 0.382553 0.0203368 0.0139223
3 0.447953 0.498553 0.0211906 0.0160288
3 0.301472 0.372051 0.0209021 0.0141107
3 0.56607 0.0839428 0.0209968 0.0109466
3 0.506599 0.58864 0.0186184 0.0138879
3 0.862748 0.723041 0.0211441 0.0173649
3 0.488173 0.511247 0.0221151 0.0158342
3 0.605862 0.866714 0.0234634 0.0161365
3 0.414089 0.159867 0.0216981 0.0144598
3 0.71455 0.735325 0.0197291 0.015126
3 0.395595 0.139514 0.0250534 0.0122272
3 0.55047 0.567005 0.0174847 0.0148718
3 0.267723 0.232588 0.0180884 0.0136515
3 0.265786 0.316593 0.0180281 0.0126734
3 0.579891 0.751636 0.0169452 0.0167005
3 0.464726 0.581346 0.0211982 0.0166998
3 0.184188 0.501805 0.0183822 0.0155598
3 0.532083 0.689771 0.0193592 0.015149
3 0.584759 0.603399 0.0224259 0.0152006
3 0.231989 0.305742 0.0176828 0.0134549
3 0.0339072 0.240046 0.0190567 0.0128989
3 0.359588 0.482135 0.0227018 0.0161154
3 0.744852 0.764609 0.0165876 0.0175706
3 0.172669 0.531126 0.0216932 0.0173622
3 0.496962 0.619868 0.0189446 0.0145016
3 0.561936 0.419532 0.0256336 0.0121519
3 0.655483 0.0435882 0.0241035 0.0134037
3 0.48473 0.4509 0.0212094 0.0144124
3 0.634078 0.814125 0.0180734 0.0164421
3 0.637192 0.682112 0.019051 0.0173378
3 0.624997 0.662056 0.0188821 0.0150759
3 0.466602 0.730582 0.0184977 0.0158974
3 0.713055 0.705669 0.0194082 0.0184761
3 0.629779 0.559279 0.0197851 0.0131841
3 0.739327 0.659344 0.0176218 0.0162468
3 0.317775 0.149779 0.0243116 0.0155191
3 0.475562 0.907274 0.0231472 0.0178913
3 0.362703 0.139844 0.0181833 0.0115239
3 0.294798 0.139801 0.019748 0.0117118
3 0.48912 0.92533 0.024837 0.0160332
3 0.426817 0.366172 0.0172894 0.0131809
3 0.847095 0.683292 0.0189348 0.0149252
3 0.324747 0.395912 0.0211467 0.0155131
3 0.610277 0.72239 0.0202297 0.0182495
3 0.64471 0.773407 0.0196002 0.0159883
3 0.605132 0.691175 0.0176365 0.0160376
3 0.528716 0.549229 0.0221462 0.0132204
3 0.162539 0.398528 0.0203787 0.0170821
3 0.50508 0.97213 0.0265669 0.0165713
3 0.291077 0.270026 0.0175035 0.0147471
8 0.425595 0.636005 0.0461454 0.0470908
3 0.433617 0.0939168 0.0206421 0.0133952
3 0.620107 0.930744 0.0239312 0.0173694
3 0.515961 0.930971 0.023801 0.0179353
3 0.209546 0.237714 0.01992 0.0170124
3 0.699905 0.6219 0.0225764 0.0165405
3 0.609272 0.786203 0.0213489 0.0204091
3 0.25707 0.208375 0.0179033 0.0126008
3 0.392119 0.235413 0.0175267 0.0134663
3 0.0713469 0.261919 0.0176454 0.0150165
3 0.548873 0.660548 0.0180526 0.017728
3 0.64255 0.712212 0.0197775 0.0158375
3 0.780891 0.746208 0.0203032 0.015852
3 0.297138 0.236931 0.0168859 0.0145419
3 0.360415 0.240518 0.0171088 0.0124423
3 0.367746 0.114776 0.0172871 0.0116122
3 0.193482 0.556658 0.0236241 0.0225229
3 0.467774 0.981651 0.0265743 0.0178838
3 0.632591 0.988423 0.0276558 0.0206101
3 0.608245 0.627658 0.0181643 0.0147147
3 0.363796 0.738534 0.0270225 0.0150614
3 0.551084 0.106764 0.0228006 0.0124202
3 0.468684 0.410072 0.0210293 0.0169845
3 0.516226 0.643042 0.020731 0.0167062
3 0.256843 0.690314 0.0287291 0.0184195
3 0.132293 0.478837 0.0224337 0.0208315
3 0.691129 0.0429523 0.0236138 0.013665
3 0.63861 0.52424 0.0198163 0.0128404
3 0.260734 0.496108 0.0264159 0.0142675
3 0.519271 0.568265 0.0197951 0.0142908
3 0.617908 0.256947 0.0202316 0.020567
3 0.793876 0.966275 0.0268324 0.0190197
3 0.498838 0.872811 0.023138 0.0184684
3 0.0247294 0.341061 0.020878 0.0190725
3 0.432669 0.11039 0.0199411 0.0124791
3 0.781476 0.784961 0.0190914 0.0173885
3 0.446699 0.186346 0.0199399 0.0135621
3 0.410674 0.0705987 0.017043 0.012273
3 0.378658 0.097417 0.0211983 0.01243
3 0.197346 0.270245 0.0187638 0.0173101
3 0.405937 0.745489 0.0249132 0.0162674
3 0.243592 0.335335 0.0179384 0.0129
3 0.555981 0.83739 0.0227304 0.0165997
3 0.863018 0.91193 0.0252189 0.0163388
3 0.459694 0.696184 0.0194877 0.0148144
3 0.294581 0.193352 0.018779 0.0145764
3 0.255722 0.354255 0.0210923 0.0138008
3 0.466147 0.123919 0.0196308 0.0126468
3 0.619955 0.30564 0.0183938 0.0176609
3 0.237936 0.370479 0.021319 0.0122095
3 0.652682 0.0135432 0.0264708 0.0150432
3 0.444452 0.259985 0.0171063 0.0131127
3 0.591349 0.547977 0.0214636 0.0175055
3 0.374089 0.209405 0.0171022 0.0134969
3 0.518567 0.0940904 0.0213604 0.011411
3 0.701051 0.879642 0.0200475 0.0171631
3 0.649177 0.599657 0.0235351 0.017952
3 0.224046 0.203912 0.0214864 0.0180104
3 0.313933 0.349383 0.0204144 0.0154855
3 0.481725 0.0420264 0.0212397 0.0111407
3 0.51656 0.453718 0.020418 0.0142906
3 0.657118 0.177449 0.0211383 0.0187966
3 0.294177 0.311096 0.0179722 0.0158319
3 0.674044 0.39086 0.0234011 0.0143569
3 0.646756 0.738178 0.0182361 0.0148718
3 0.449886 0.474774 0.0213323 0.0129761
3 0.568953 0.678656 0.0189384 0.0217211
3 0.444058 0.0582839 0.0185787 0.0120645
3 0.682364 0.124211 0.0188256 0.0123376
3 0.622873 0.321317 0.0167949 0.0164048
3 0.554673 0.518325 0.0208761 0.0168366
3 0.675711 0.392846 0.0210334 0.0157211
3 0.360506 0.57678 0.0241083 0.0132877
3 0.422558 0.181435 0.0185267 0.0131475
3 0.828594 0.872913 0.0236759 0.018973
3 0.400753 0.212122 0.0169279 0.0146058
3 0.592215 0.824441 0.0215576 0.0167427
3 0.350498 0.166417 0.0202695 0.0147343
5 0.425949 0.636442 0.0463284 0.0486822
3 0.587058 0.993252 0.0254006 0.0130394
3 0.423059 0.22934 0.0179725 0.0134724
3 0.682706 0.125533 0.0220504 0.0112992
3 0.705861 0.80434 0.0193426 0.01709
3 0.463536 0.124632 0.0172797 0.0126484
3 0.592155 0.00386921 0.0251963 0.00773842
3 0.34023 0.11073 0.0212694 0.0134285
3 0.384569 0.26387 0.0192374 0.017515
3 0.658439 0.373636 0.0253468 0.01277
3 0.442405 0.0570039 0.0205992 0.011567
3 0.684708 0.60326 0.0211709 0.0178946
