8 0.158086 0.882587 0.0646581 0.0741638
3 0.378555 0.827131 0.0195809 0.0241784
8 0.225401 0.825166 0.0442638 0.0549355
3 0.509996 0.914784 0.0200388 0.0255985
3 0.49915 0.845714 0.0166554 0.0241918
3 0.15796 0.845483 0.0280443 0.0275949
3 0.270879 0.884257 0.0295355 0.0342503
3 0.30942 0.874906 0.027512 0.029155
3 0.223202 0.910534 0.0273113 0.0339758
3 0.547893 0.972946 0.0326188 0.0279784
3 0.115072 0.906509 0.0235027 0.0275384
3 0.299421 0.855199 0.0282928 0.0282471
3 0.383245 0.756691 0.0158139 0.019844
3 0.364533 0.850723 0.0225898 0.0240431
3 0.22759 0.876189 0.0203315 0.021301
3 0.286866 0.903938 0.0310426 0.0318834
3 0.367159 0.779091 0.017971 0.0220389
3 0.269154 0.772195 0.0206209 0.0232006
3 0.400747 0.761917 0.0154184 0.0218887
3 0.271936 0.807148 0.0197931 0.024105
3 0.863861 0.789482 0.0318119 0.0154736
3 0.254094 0.824041 0.0226106 0.0269705
3 0.344542 0.694139 0.0137986 0.0139652
3 0.206236 0.87455 0.0250913 0.0263047
3 0.401404 0.732477 0.0136503 0.0192842
3 0.318226 0.834128 0.0234631 0.0269673
3 0.308127 0.809862 0.0202851 0.0235063
3 0.381862 0.708651 0.0201155 0.0210703
3 0.351997 0.795613 0.0178728 0.0237494
3 0.32199 0.796286 0.0190804 0.0253958
3 0.403562 0.693891 0.0179257 0.0158938
3 0.513535 0.70466 0.0126587 0.0168258
3 0.25511 0.791462 0.0217857 0.0236439
3 0.334475 0.769469 0.0179973 0.0223594
3 0.408046 0.654638 0.0126108 0.0146076
3 0.371458 0.795605 0.0195094 0.0250988
3 0.31998 0.757403 0.0168902 0.0202654
3 0.29636 0.809694 0.02584 0.0231543
3 0.373911 0.793848 0.0224614 0.0261258
3 0.0993847 0.872272 0.034973 0.0305149
3 0.173898 0.900351 0.0364975 0.032658
3 0.28373 0.779988 0.0199459 0.0230445
3 0.439883 0.644604 0.0141972 0.0128935
3 0.388728 0.684568 0.0148058 0.0173614
3 0.0151111 0.906956 0.0302222 0.0295228
3 0.316501 0.830772 0.0235565 0.0280397
3 0.293789 0.791278 0.0207928 0.0228039
3 0.349508 0.755096 0.015447 0.0177392
3 0.367612 0.730142 0.0177302 0.0186163
3 0.355935 0.816566 0.0198633 0.0225473
8 0.261145 0.852733 0.0476205 0.0453263
3 0.371376 0.672806 0.0130466 0.0151185
3 0.33511 0.739076 0.0161782 0.0220568
3 0.309284 0.824065 0.0230349 0.0252177
0 0.288558 0.945241 0.00801501 0.0269132
3 0.452307 0.629852 0.0136008 0.0128551
3 0.255324 0.771933 0.0190017 0.0198098
3 0.29324 0.832648 0.025872 0.02563
3 0.421177 0.643537 0.0100154 0.0109752
3 0.388655 0.706869 0.0143392 0.0184834
3 0.384336 0.711447 0.0175849 0.0188389
3 0.333436 0.817706 0.019322 0.0215937
8 0.430723 0.676077 0.0212781 0.0306821
3 0.346904 0.724286 0.0167224 0.0186736
0 0.042724 0.96547 0.0117625 0.0313995
3 0.328111 0.693987 0.0121722 0.0167077
3 0.409596 0.652173 0.0114761 0.0164757
3 0.390228 0.675216 0.0166578 0.0166612
3 0.393515 0.774474 0.0139093 0.0215838
3 0.334536 0.766073 0.0163339 0.0247659
3 0.312131 0.740675 0.0174286 0.0192563
3 0.373055 0.658105 0.012753 0.0154468
3 0.247849 0.879949 0.0270094 0.0318029
3 0.259774 0.808061 0.0266994 0.0257544
3 0.918091 0.744533 0.0147259 0.0172351
3 0.301616 0.773224 0.0192805 0.0236684
3 0.337911 0.814807 0.0241998 0.0233981
3 0.386511 0.781803 0.0156241 0.0211061
3 0.282191 0.753771 0.0186102 0.0193837
3 0.410445 0.682845 0.0123966 0.0143523
3 0.303165 0.760762 0.0175367 0.0217209
3 0.471531 0.620563 0.0105888 0.0152993
3 0.284412 0.785118 0.0267423 0.0246736
3 0.299047 0.775729 0.0179945 0.0225837
3 0.298593 0.728192 0.0165585 0.0177333
3 0.279301 0.810632 0.0193822 0.0215651
3 0.340818 0.83673 0.0233748 0.0291138
3 0.439292 0.647004 0.0134303 0.0152656
3 0.486997 0.586877 0.0163269 0.0120177
3 0.236449 0.84271 0.0263155 0.027854
3 0.450822 0.655092 0.0138903 0.0143642
3 0.319262 0.775636 0.017334 0.0215999
3 0.797914 0.885102 0.0377113 0.0227522
3 0.290471 0.828814 0.0243718 0.0329268
3 0.296981 0.849748 0.0269258 0.0322551
3 0.316775 0.802445 0.0203887 0.0297873
3 0.301959 0.731879 0.018152 0.0191112
3 0.343983 0.741535 0.0200905 0.0195379
3 0.198888 0.873716 0.0332938 0.0278802
