8 0.870971 0.638643 0.017868 0.0467662
3 0.883658 0.571824 0.0107994 0.0230597
8 0.879786 0.690363 0.0219319 0.0640606
8 0.897277 0.790982 0.0250484 0.0630254
3 0.91956 0.737187 0.0137614 0.0270111
3 0.921611 0.635373 0.0127304 0.0232628
3 0.911631 0.582402 0.01198 0.0239303
3 0.879262 0.413155 0.0123375 0.022297
3 0.864145 0.32579 0.0123258 0.0183274
3 0.794351 0.226376 0.0140812 0.0208721
3 0.85132 0.434931 0.0138904 0.0197691
3 0.937114 0.716263 0.0110628 0.0256137
3 0.933898 0.694221 0.011808 0.0230733
3 0.855639 0.552541 0.0111097 0.0205554
3 0.856104 0.27235 0.0111801 0.0172348
3 0.895879 0.646139 0.0182758 0.025628
4 0.101233 0.613328 0.0189165 0.0518408
3 0.859747 0.289821 0.0115015 0.0160441
3 0.0395955 0.811263 0.0130639 0.0305979
3 0.860126 0.303818 0.0102467 0.0190852
3 0.946542 0.761317 0.0128326 0.0284424
3 0.844364 0.499072 0.0122185 0.0221151
3 0.931048 0.680371 0.0116146 0.020775
3 0.042959 0.771996 0.0130446 0.0277098
3 0.645148 0.983169 0.0110111 0.0279664
3 0.940737 0.801876 0.0143769 0.0257659
3 0.851877 0.251644 0.0111294 0.0196676
3 0.0599993 0.796475 0.0126189 0.0267426
3 0.914723 0.784092 0.0157314 0.037138
3 0.899054 0.503381 0.0123283 0.0228306
3 0.840824 0.472561 0.0106774 0.023359
3 0.856034 0.525366 0.0140962 0.0239173
3 0.904243 0.543951 0.00904464 0.0222746
3 0.938848 0.798498 0.0116955 0.0227988
8 0.913949 0.779413 0.0170166 0.0461795
8 0.906282 0.786054 0.0145744 0.0556138
3 0.821835 0.158584 0.00875623 0.0167044
3 0.0553142 0.512781 0.0121472 0.0193459
3 0.8352 0.441719 0.011272 0.0222918
3 0.912815 0.521541 0.0093502 0.0204186
3 0.98801 0.723386 0.0207272 0.0176275
3 0.594838 0.985083 0.0115232 0.026604
3 0.823546 0.159321 0.00723189 0.0166727
3 0.92994 0.269196 0.0332457 0.0171112
3 0.796753 0.163668 0.0111667 0.0200759
3 0.619191 0.984402 0.0113285 0.0281135
3 0.517306 0.988125 0.0113969 0.0224861
3 0.826021 0.313673 0.013003 0.0231356
3 0.0530063 0.577849 0.0112122 0.0268798
3 0.946629 0.805641 0.0254623 0.0224315
4 0.878176 0.877635 0.0284226 0.0212557
