3 0.690017 0.991216 0.0261135 0.0175673
3 0.756988 0.945468 0.0180074 0.0229775
3 0.644974 0.982703 0.0178045 0.0267721
3 0.69422 0.811598 0.0185522 0.023866
4 0.632194 0.890569 0.0147032 0.0268802
3 0.266552 0.264474 0.0151803 0.0202723
3 0.675902 0.953847 0.0171055 0.0202813
3 0.31445 0.183161 0.0165034 0.0227614
3 0.659955 0.974613 0.0166553 0.0243658
3 0.681786 0.7907 0.0178424 0.0238908
3 0.630328 0.732177 0.0140343 0.0205203
3 0.328816 0.175937 0.0154892 0.0223745
3 0.0137977 0.714402 0.0166492 0.0182054
3 0.722271 0.953727 0.0213547 0.026149
3 0.745594 0.99125 0.0214512 0.0174999
4 0.651484 0.898672 0.0156145 0.0312298
3 0.747202 0.919101 0.0190775 0.0187051
3 0.9915 0.669765 0.0169918 0.01991
4 0.966583 0.917232 0.0252106 0.0385534
3 0.672261 0.892562 0.0150623 0.0241669
3 0.807662 0.991416 0.0214724 0.0171685
3 0.915577 0.465046 0.0155471 0.0179807
4 0.633684 0.893506 0.0153228 0.0299049
3 0.639781 0.986753 0.0196574 0.0255994
3 0.056313 0.775672 0.0179014 0.0232868
4 0.969147 0.898738 0.0251461 0.0328687
3 0.707164 0.831925 0.0182087 0.0212614
3 0.971186 0.768967 0.0159778 0.0238464
3 0.910985 0.989727 0.0158592 0.0205467
3 0.638152 0.830416 0.0176212 0.0181467
3 0.968883 0.628421 0.01593 0.0205564
3 0.717891 0.97202 0.018561 0.0257928
3 0.342612 0.157474 0.0151811 0.016678
3 0.270199 0.192675 0.00966477 0.0156994
3 0.994754 0.527125 0.0101315 0.0247269
3 0.95604 0.496961 0.0130154 0.0214696
3 0.662162 0.971236 0.0155895 0.0266252
3 0.669243 0.769261 0.0168512 0.0209912
3 0.6399 0.828492 0.0191643 0.0196907
3 0.979518 0.714061 0.0144348 0.0204566
3 0.673599 0.958646 0.0177844 0.0238918
3 0.232635 0.903368 0.0172059 0.020116
3 0.326853 0.990415 0.0159615 0.0191695
3 0.364815 0.116273 0.0152156 0.0136386
3 0.626324 0.811015 0.0174592 0.0192591
3 0.915991 0.863593 0.0227466 0.0264042
3 0.76959 0.868697 0.0150903 0.0212278
3 0.936368 0.815458 0.0127217 0.0251836
3 0.0273486 0.678533 0.0152331 0.0177585
3 0.63764 0.989853 0.0214407 0.0202935
3 0.792876 0.975479 0.0169921 0.0227989
3 0.803122 0.469421 0.0158107 0.0168995
3 0.281509 0.206294 0.0146219 0.0194588
3 0.857308 0.989437 0.0262871 0.0197307
3 0.964463 0.695672 0.015281 0.0185418
3 0.887542 0.991397 0.020652 0.0170735
3 0.710271 0.840785 0.0177081 0.0201428
3 0.61505 0.783579 0.0143804 0.0192879
3 0.955538 0.609523 0.0159413 0.0206251
3 0.0227738 0.752444 0.0145351 0.0213894
3 0.950053 0.791083 0.0181774 0.0235715
3 0.646541 0.846879 0.0148806 0.0189869
3 0.988341 0.990288 0.0214554 0.0194244
4 0.940343 0.680462 0.0231923 0.0294222
3 0.953339 0.738288 0.0163723 0.0197409
3 0.895332 0.846667 0.0160366 0.0244412
3 0.987575 0.75733 0.0202877 0.0284263
3 0.305627 0.136079 0.0150289 0.0186841
3 0.719251 0.853431 0.0178325 0.0214152
3 0.954709 0.562602 0.0174694 0.0209636
4 0.606692 0.845406 0.0142015 0.0180826
3 0.96433 0.730652 0.0143841 0.0181504
4 0.646908 0.898944 0.0166178 0.0309786
3 0.960607 0.781969 0.0227157 0.0297774
3 0.351269 0.171967 0.0152819 0.0194085
3 0.33226 0.126829 0.014598 0.0171252
3 0.98697 0.710157 0.0186453 0.0197917
3 0.991831 0.507181 0.0152031 0.0244952
3 0.282727 0.152771 0.0122671 0.0173021
4 0.647651 0.92267 0.0186324 0.0263871
3 0.737802 0.973977 0.0176262 0.0218189
3 0.271459 0.151011 0.010399 0.0213711
3 0.970208 0.549112 0.0156029 0.0206164
3 0.657089 0.866629 0.0170625 0.0220469
3 0.980557 0.530843 0.0138113 0.0224079
3 0.253435 0.195583 0.0136962 0.0190878
3 0.32202 0.173641 0.0158031 0.0198503
3 0.966064 0.0816704 0.0112701 0.0133587
3 0.7401 0.976633 0.0187683 0.0201751
3 0.0837105 0.69611 0.0173157 0.0196276
3 0.912904 0.860975 0.022434 0.0248098
3 0.977991 0.641521 0.0158833 0.0260533
3 0.995534 0.702299 0.00893182 0.0207044
3 0.281663 0.186484 0.0131923 0.0162858
3 0.778965 0.959781 0.0201652 0.0270599
3 0.364175 0.190551 0.014674 0.0183915
3 0.702589 0.926114 0.0201471 0.017928
3 0.957798 0.786885 0.0248968 0.0286926
3 0.316113 0.131242 0.012848 0.0177876
4 0.608435 0.640104 0.0136604 0.0201244
4 0.694364 0.896895 0.0175441 0.0200574
3 0.776122 0.963099 0.0199575 0.0317569
3 0.846894 0.890286 0.0188823 0.02174
3 0.754183 0.881283 0.0139045 0.0189642
3 0.0842768 0.743275 0.01866 0.0195871
4 0.723036 0.863496 0.0181864 0.0251208
4 0.583648 0.805665 0.0155158 0.0210746
3 0.352706 0.101093 0.0149761 0.0140446
3 0.0974429 0.769858 0.0186475 0.0175623
4 0.708253 0.907444 0.0160978 0.0217624
3 0.69192 0.87893 0.0213114 0.0216038
3 0.226958 0.301991 0.0123116 0.0206146
3 0.945705 0.486417 0.0100597 0.0155062
4 0.834386 0.931457 0.0202143 0.0292818
4 0.913091 0.860612 0.0222618 0.0254044
3 0.858877 0.8741 0.0185915 0.0261705
3 0.923706 0.732909 0.0121143 0.0160028
4 0.607286 0.75874 0.0149742 0.0269129
4 0.619919 0.86033 0.0204066 0.0211137
3 0.350432 0.429843 0.0181315 0.0293751
3 0.00595932 0.658726 0.0117954 0.0203923
8 0.733149 0.0809481 0.0167563 0.0228335
3 0.89858 0.45671 0.0121452 0.0156002
3 0.669896 0.175975 0.0104593 0.0174829
3 0.279407 0.987852 0.021454 0.0199571
3 0.778993 0.972934 0.0209263 0.0250148
3 0.916517 0.835667 0.0203277 0.0256325
3 0.963235 0.698157 0.0164848 0.0187281
3 0.266689 0.214011 0.0161163 0.0197206
3 0.328059 0.115082 0.0141775 0.0151299
4 0.809752 0.890866 0.0156281 0.0295939
3 0.160815 0.875206 0.0191263 0.0284089
4 0.958862 0.87531 0.0236315 0.0315204
3 0.919816 0.46077 0.0121818 0.0192087
4 0.965703 0.867915 0.0190094 0.0292639
3 0.841395 0.181973 0.0147606 0.0136472
4 0.60592 0.768545 0.0138693 0.0215391
3 0.0088558 0.673646 0.0145405 0.0174342
