3 0.552736 0.0396822 0.0274787 0.0234188
3 0.495301 0.0434915 0.0183716 0.019662
3 0.379935 0.0686022 0.021271 0.024256
3 0.204256 0.614094 0.0240291 0.0309716
3 0.513469 0.043659 0.0190571 0.0193803
9 0.603539 0.849896 0.0233343 0.0299418
3 0.431623 0.0952849 0.0264257 0.0294638
4 0.582689 0.353451 0.0331007 0.0582689
3 0.510305 0.0433909 0.0243019 0.0215695
3 0.462394 0.215731 0.0263468 0.03429
3 0.383905 0.0918665 0.0225067 0.0234304
3 0.349482 0.155704 0.0205404 0.0258173
4 0.280033 0.160936 0.0280321 0.0269533
4 0.981418 0.475441 0.0219837 0.0582724
3 0.430121 0.0620306 0.022994 0.0312645
