3 0.402733 0.605535 0.0241875 0.0165744
3 0.541572 0.0412384 0.024063 0.0130545
3 0.707784 0.590157 0.0201579 0.0149466
3 0.0329623 0.240611 0.0169566 0.0127658
3 0.323707 0.193535 0.0196698 0.0137903
3 0.398416 0.519168 0.0216948 0.0151901
3 0.563526 0.876874 0.0226421 0.0160038
3 0.671296 0.869309 0.0211712 0.0161949
3 0.584616 0.603449 0.0213531 0.0154865
3 0.670328 0.946113 0.0263672 0.0179241
3 0.599118 0.496534 0.0207965 0.0136161
3 0.675085 0.54401 0.0194308 0.014279
3 0.466863 0.730482 0.0180447 0.0148979
3 0.542953 0.445203 0.020848 0.0135451
3 0.447993 0.498067 0.0216788 0.0162463
3 0.54392 0.728514 0.0169673 0.0145165
3 0.266544 0.315525 0.0186951 0.0129116
3 0.625029 0.661501 0.0181237 0.0145336
3 0.566216 0.0832651 0.0207055 0.0108914
3 0.23202 0.305429 0.0179701 0.0133155
3 0.428666 0.515344 0.0217473 0.0157014
3 0.488891 0.925011 0.0247728 0.0158284
3 0.316482 0.149246 0.0255337 0.0160698
3 0.561216 0.617988 0.0192444 0.0155227
3 0.606174 0.866352 0.0232685 0.0162529
3 0.549463 0.566796 0.0177967 0.0146126
8 0.425254 0.635058 0.0464312 0.0473089
3 0.629418 0.559003 0.0189015 0.0142891
3 0.184282 0.501994 0.0183111 0.0158217
3 0.655886 0.0431507 0.0221725 0.012289
3 0.738688 0.658738 0.0163997 0.0161767
3 0.449902 0.154168 0.0204105 0.0135083
3 0.364318 0.738437 0.0264391 0.0146859
3 0.714568 0.734574 0.0177244 0.0142951
3 0.487861 0.510564 0.0215717 0.0158766
3 0.17352 0.531104 0.0206113 0.0177025
3 0.548991 0.934159 0.0266194 0.020652
3 0.488799 0.0805688 0.0222442 0.0153985
3 0.550104 0.106273 0.022795 0.011764
3 0.579866 0.751268 0.0161107 0.0156541
3 0.256608 0.207835 0.0177458 0.0135319
3 0.341771 0.381876 0.020658 0.0145591
3 0.071026 0.261717 0.0166246 0.014243
3 0.620097 0.929947 0.0239064 0.0167812
3 0.531883 0.689627 0.0191362 0.0141009
3 0.504949 0.972111 0.0271958 0.0170061
3 0.48454 0.451155 0.0213889 0.0143978
3 0.358901 0.481957 0.0231517 0.0153112
3 0.528578 0.548968 0.0211423 0.0129858
3 0.506419 0.588167 0.0192399 0.014389
3 0.432371 0.109855 0.0194232 0.0117813
3 0.780471 0.785057 0.0186697 0.0165516
3 0.301336 0.371276 0.0208085 0.0143214
3 0.294903 0.13981 0.020345 0.0120604
3 0.548699 0.659407 0.0183538 0.0173941
3 0.242902 0.334951 0.0182831 0.0135442
3 0.712945 0.764875 0.0174959 0.0154287
3 0.562351 0.418983 0.0257224 0.0125505
3 0.466786 0.123241 0.0211484 0.0126683
3 0.427103 0.366252 0.0169349 0.0130325
3 0.433599 0.0925843 0.0197122 0.0125264
3 0.699765 0.620241 0.0210371 0.0153996
3 0.846798 0.683178 0.0178927 0.014195
3 0.496766 0.619334 0.018493 0.0151663
3 0.294142 0.311049 0.018463 0.0160451
3 0.467258 0.981028 0.026053 0.0185846
3 0.410477 0.0699718 0.0184389 0.0117945
5 0.425779 0.634969 0.0464736 0.0479629
3 0.297015 0.236642 0.0159852 0.0140932
3 0.604753 0.690742 0.0170616 0.0154546
3 0.366406 0.114148 0.0191922 0.012782
3 0.642245 0.711657 0.0182885 0.0163124
3 0.555185 0.83731 0.0223946 0.0166195
3 0.468168 0.40927 0.0199052 0.0147719
3 0.515799 0.929954 0.0238286 0.0176253
3 0.37896 0.0971269 0.0199541 0.0117513
3 0.644361 0.773268 0.0196112 0.0170359
3 0.608437 0.627514 0.018588 0.0144798
3 0.632978 0.987833 0.0289683 0.0199304
3 0.464503 0.581589 0.0221135 0.0165818
3 0.519728 0.567372 0.0197519 0.013584
3 0.255519 0.354199 0.0200179 0.0131117
3 0.267936 0.232035 0.0173306 0.0135843
3 0.7437 0.764658 0.0183557 0.0199366
3 0.862772 0.722087 0.0201412 0.0161505
3 0.637824 0.523613 0.019342 0.0122418
3 0.646038 0.737106 0.0177134 0.0159814
3 0.256652 0.690507 0.0262265 0.0173897
3 0.499107 0.872279 0.0230599 0.0172055
3 0.864234 0.911297 0.0264411 0.0158547
3 0.51563 0.453255 0.0206727 0.014468
3 0.712967 0.705582 0.0186736 0.0177761
3 0.413908 0.158753 0.0231188 0.0143225
3 0.325008 0.395487 0.0209652 0.0150257
3 0.610249 0.721702 0.0191578 0.0175261
3 0.260448 0.496107 0.0260859 0.0141453
3 0.781407 0.745665 0.0195279 0.015309
3 0.690892 0.0422251 0.0208847 0.0133621
3 0.459638 0.695938 0.0180233 0.0148319
3 0.291424 0.27025 0.0173236 0.0144018
3 0.515942 0.642495 0.0206991 0.0163556
3 0.209159 0.237143 0.0198639 0.0171339
3 0.652554 0.0140714 0.0261815 0.0142418
3 0.446219 0.185507 0.0182529 0.0151364
3 0.193693 0.556299 0.0224124 0.0223908
3 0.675483 0.392834 0.0198049 0.0139574
3 0.294956 0.192927 0.0181242 0.014235
3 0.633932 0.814116 0.0184798 0.016943
3 0.67308 0.389259 0.021062 0.0135232
4 0.132364 0.478547 0.0216484 0.0208676
3 0.395537 0.139185 0.0244078 0.012022
3 0.224507 0.203346 0.0215858 0.0183885
3 0.0247792 0.341109 0.0199992 0.0186871
3 0.313846 0.348884 0.0196989 0.0160874
3 0.517206 0.0934331 0.0204607 0.0118771
3 0.620037 0.305197 0.0165425 0.0162153
3 0.362668 0.139423 0.018469 0.0112461
3 0.592847 0.82455 0.0207239 0.0165138
3 0.623405 0.322337 0.0153517 0.0139278
3 0.39398 0.428632 0.0221243 0.0160739
3 0.613221 0.536019 0.0217622 0.0133775
3 0.637475 0.681321 0.0196474 0.0170736
3 0.237465 0.36989 0.020537 0.0129963
3 0.19792 0.269907 0.0184243 0.0161601
3 0.555097 0.51801 0.0225004 0.0168028
3 0.616668 0.259417 0.0182962 0.0160942
3 0.828764 0.872541 0.0228305 0.0192536
3 0.48173 0.0427503 0.0211797 0.0112185
3 0.793877 0.965512 0.0259999 0.0182896
3 0.47588 0.906484 0.0226777 0.0181713
3 0.701019 0.879143 0.0205002 0.0171726
3 0.656614 0.373326 0.0235334 0.0120568
3 0.609097 0.785529 0.0200067 0.0209666
3 0.361298 0.576984 0.0225333 0.0125924
3 0.649038 0.59989 0.0237678 0.0182005
3 0.442905 0.0579781 0.0193322 0.0120337
3 0.44989 0.4745 0.0205628 0.0129407
3 0.445126 0.259123 0.0175776 0.0146853
3 0.406496 0.745326 0.0240488 0.0158535
3 0.162741 0.398831 0.0195506 0.0153021
3 0.817581 0.493926 0.0216992 0.0106746
3 0.34944 0.167021 0.0196666 0.0140424
3 0.591874 0.00451881 0.0239426 0.00872618
3 0.682033 0.124025 0.0192986 0.0124844
3 0.678709 0.0231122 0.023745 0.0114089
3 0.591028 0.547064 0.0216909 0.0163394
4 0.47617 0.905371 0.0233585 0.0187538
3 0.569388 0.678252 0.0197257 0.0202603
4 0.649496 0.599959 0.023981 0.0185904
3 0.705961 0.804407 0.0184246 0.0162701
3 0.223648 0.458553 0.023652 0.0163136
3 0.692814 0.221653 0.0256999 0.0133777
3 0.616293 0.298339 0.0168869 0.0143475
3 0.260467 0.296542 0.0193269 0.0121673
3 0.586737 0.993294 0.0259287 0.012804
3 0.340233 0.110948 0.0210271 0.0121293
3 0.154417 0.0822667 0.0207084 0.0123806
3 0.681145 0.024067 0.0229182 0.011314
3 0.672234 0.381211 0.0184696 0.0103945
3 0.251511 0.717909 0.0363049 0.0185168
3 0.373555 0.209031 0.0173113 0.0141664
3 0.171548 0.0419682 0.0232923 0.00785942
3 0.684183 0.60282 0.0210001 0.0163871
