8 0.157717 0.882711 0.0646864 0.0730742
3 0.378263 0.827294 0.0194491 0.024213
3 0.271033 0.883677 0.029641 0.0351935
3 0.50937 0.9148 0.0189303 0.0251545
8 0.225278 0.823649 0.0421637 0.0514105
3 0.499086 0.844959 0.0166613 0.0240684
3 0.286679 0.904451 0.0305193 0.0325048
3 0.223364 0.909175 0.0271484 0.0348517
3 0.364473 0.850711 0.0226068 0.0232227
3 0.115721 0.904696 0.0252512 0.0307633
3 0.158018 0.844128 0.0289759 0.0260794
3 0.300413 0.856181 0.0263905 0.0266996
3 0.308259 0.875337 0.0257208 0.0291691
3 0.548431 0.974379 0.0334683 0.0292381
3 0.366754 0.777896 0.01761 0.023722
3 0.38288 0.756373 0.0151964 0.0193418
3 0.253973 0.825926 0.0227413 0.0265795
3 0.864301 0.788895 0.0313137 0.0158473
3 0.371893 0.796385 0.0192023 0.0232221
3 0.513861 0.705021 0.0122678 0.0167283
3 0.269402 0.772387 0.0192231 0.023386
8 0.431275 0.674999 0.0245903 0.035483
3 0.273955 0.80757 0.0208984 0.0229888
3 0.227216 0.875952 0.0202789 0.0229717
3 0.319899 0.757948 0.0163798 0.0205097
3 0.206211 0.874335 0.0261527 0.0270086
3 0.343786 0.693967 0.0128927 0.0142602
3 0.400355 0.761773 0.0151074 0.0219937
3 0.317924 0.833932 0.0217029 0.0249982
3 0.0150921 0.906034 0.0301842 0.029362
3 0.352302 0.794019 0.0179058 0.0238682
3 0.254283 0.792517 0.021626 0.0228864
3 0.349235 0.755496 0.0155645 0.0180659
3 0.37041 0.671151 0.012356 0.0137858
3 0.283269 0.78155 0.0216527 0.0225465
3 0.334098 0.769423 0.0180556 0.0212276
3 0.100453 0.871969 0.0350364 0.0295144
3 0.403452 0.69389 0.0156935 0.0162952
3 0.322758 0.7968 0.0199785 0.0242896
3 0.178184 0.898615 0.0347545 0.0347923
3 0.302333 0.773199 0.0194941 0.0215006
3 0.401465 0.732375 0.0132481 0.0191242
3 0.356555 0.816185 0.0196508 0.0228862
3 0.409984 0.682838 0.0133274 0.0134229
8 0.261155 0.852771 0.0471203 0.043885
3 0.388056 0.70715 0.0164895 0.0183429
3 0.333258 0.817488 0.0199995 0.0218619
3 0.293867 0.833478 0.0257348 0.0264568
3 0.390546 0.673056 0.0154093 0.0129158
3 0.248176 0.879187 0.027123 0.0303777
3 0.29918 0.728983 0.0176585 0.0166336
3 0.294724 0.790772 0.0198821 0.0212026
3 0.33608 0.728621 0.0136039 0.0168598
3 0.30771 0.812258 0.0186866 0.0227351
3 0.335189 0.743201 0.0140733 0.0195745
3 0.379154 0.705113 0.0159042 0.0166376
3 0.293765 0.811418 0.0239014 0.0225737
3 0.407721 0.655243 0.0118864 0.0133741
3 0.310477 0.740024 0.0151908 0.0184058
3 0.39143 0.687507 0.0131249 0.0145157
3 0.918268 0.744414 0.0146023 0.0193199
3 0.353604 0.722266 0.017749 0.0174949
3 0.304261 0.758156 0.0184068 0.0192131
3 0.318162 0.739825 0.0170103 0.0170105
3 0.327162 0.69343 0.0115715 0.0168776
3 0.345588 0.74006 0.017502 0.0170697
3 0.408688 0.65288 0.0119125 0.0136734
3 0.280316 0.810824 0.0237596 0.0210878
3 0.36695 0.73129 0.0163304 0.0186313
3 0.386196 0.781441 0.0143343 0.0194504
3 0.453546 0.6292 0.0130586 0.0125672
3 0.340726 0.838285 0.021384 0.0281347
3 0.421162 0.643613 0.00974846 0.0111164
3 0.307488 0.822356 0.0236466 0.024669
3 0.281781 0.756606 0.0185718 0.0203626
3 0.379254 0.689315 0.011825 0.014346
3 0.284238 0.785297 0.0279666 0.024868
3 0.389161 0.68511 0.0163258 0.0153224
3 0.347101 0.72293 0.0149931 0.0173075
3 0.43939 0.644294 0.0146969 0.0128912
3 0.198286 0.872679 0.0339288 0.0253711
3 0.29148 0.746244 0.0187998 0.0189789
3 0.289433 0.813365 0.0256169 0.0191378
3 0.285662 0.745579 0.0176731 0.0185036
3 0.376892 0.718105 0.016706 0.0191579
0 0.289267 0.943299 0.00788373 0.0250755
3 0.254466 0.771373 0.0185546 0.0186676
3 0.438703 0.647201 0.0135645 0.0143353
3 0.337604 0.815012 0.0243579 0.0215636
3 0.230732 0.7915 0.0209457 0.0209095
3 0.334325 0.764933 0.016153 0.0233883
3 0.933448 0.706732 0.02491 0.0160727
3 0.196231 0.859838 0.02657 0.0277264
0 0.04278 0.964491 0.0101253 0.0297564
3 0.237027 0.843671 0.0267882 0.0285562
3 0.371915 0.65598 0.0119668 0.0120153
3 0.448417 0.654874 0.0139079 0.0121866
3 0.363745 0.696934 0.0136373 0.0148119
3 0.362725 0.7801 0.0206288 0.0205444
3 0.353958 0.670262 0.011021 0.0134587
3 0.301759 0.731114 0.0181647 0.0179454
3 0.300163 0.764546 0.0182208 0.020266
3 0.470739 0.620808 0.00996704 0.0133741
3 0.365585 0.713475 0.0128122 0.0178789
3 0.449265 0.625801 0.0128952 0.0117798
3 0.302127 0.795104 0.0234783 0.023604
3 0.319059 0.802451 0.0219423 0.0288623
3 0.340522 0.67505 0.0131196 0.0170756
3 0.256587 0.765418 0.0175873 0.0180789
3 0.297793 0.777084 0.0187777 0.0222464
3 0.37128 0.665129 0.0123079 0.0146948
3 0.437312 0.642541 0.0134668 0.0128184
3 0.422871 0.628744 0.0112169 0.0115503
3 0.200088 0.86284 0.0244799 0.029326
3 0.387646 0.678042 0.0154904 0.013174
3 0.48672 0.586673 0.0139807 0.0102764
3 0.19865 0.841955 0.0202471 0.0255034
