8 0.89696 0.790986 0.0258591 0.0624636
8 0.879845 0.691 0.0214625 0.0636109
8 0.870863 0.63913 0.0177263 0.0473316
3 0.794388 0.226503 0.0137461 0.0187393
3 0.883668 0.572054 0.0100872 0.0216847
4 0.101552 0.613681 0.0184241 0.0505574
3 0.879183 0.413307 0.0121486 0.0206934
3 0.0552795 0.514237 0.0122161 0.019934
3 0.919529 0.738886 0.0127121 0.0259774
3 0.864821 0.326302 0.0125917 0.0172248
3 0.0607944 0.796804 0.0109617 0.0225126
3 0.922485 0.636142 0.0128597 0.0221007
3 0.851282 0.435844 0.014105 0.0192803
8 0.875574 0.642025 0.0211687 0.0498357
3 0.0395435 0.811757 0.0130639 0.0301367
3 0.911797 0.583462 0.0119003 0.0201095
3 0.855651 0.553226 0.0112088 0.0204658
3 0.0426578 0.772899 0.0124523 0.0266444
3 0.0965929 0.77176 0.0126763 0.0234088
3 0.929564 0.268992 0.0336293 0.0174659
3 0.0548881 0.548212 0.0120849 0.0294915
3 0.465247 0.988685 0.0104924 0.018955
3 0.933508 0.693974 0.0113491 0.0190375
3 0.931207 0.677854 0.0113682 0.0148481
3 0.51713 0.98728 0.0108644 0.0217192
3 0.0561335 0.492369 0.00954392 0.0145039
4 0.64521 0.983164 0.0109062 0.0261623
3 0.490959 0.98787 0.0105874 0.0205673
3 0.946831 0.762333 0.0123105 0.0254779
8 0.792479 0.757437 0.0504007 0.0288328
4 0.363679 0.990757 0.0138649 0.01783
3 0.0644436 0.351744 0.00881761 0.0203079
3 0.863255 0.314346 0.0124046 0.0127441
4 0.594774 0.985327 0.0104396 0.0230914
3 0.0564392 0.474619 0.00945165 0.0156174
3 0.856833 0.271605 0.0121702 0.0148783
3 0.065349 0.312853 0.0105826 0.016878
3 0.84027 0.47322 0.0115134 0.0213052
4 0.568341 0.986717 0.0109938 0.0211974
3 0.859967 0.288941 0.0133659 0.0120601
3 0.988809 0.723264 0.0200508 0.0156154
3 0.490518 0.988677 0.013002 0.022646
3 0.851961 0.254495 0.0110714 0.0157727
3 0.938985 0.79588 0.0111748 0.0185384
3 0.439535 0.989192 0.0111393 0.0187075
8 0.912652 0.783053 0.0212772 0.0501239
3 0.464858 0.98947 0.0122397 0.0210608
3 0.933468 0.689578 0.0116009 0.018814
4 0.388136 0.990208 0.0123101 0.0195838
3 0.945187 0.806404 0.0213657 0.0218678
3 0.940044 0.803217 0.0122679 0.0252818
3 0.0534136 0.578768 0.010341 0.0255811
