8 0.458076 0.862319 0.0388906 0.0612427
3 0.986873 0.757576 0.022405 0.029636
3 0.693928 0.81194 0.0195109 0.0235763
3 0.628658 0.731625 0.0179565 0.0217355
3 0.60692 0.846968 0.0149216 0.0206412
3 0.924044 0.732312 0.0132515 0.0170545
3 0.689621 0.991284 0.0249945 0.0174325
3 0.266477 0.264507 0.0140619 0.0196342
3 0.757601 0.944449 0.0185411 0.0236418
3 0.281075 0.205588 0.0149058 0.0202405
3 0.67674 0.954626 0.0167926 0.0207671
3 0.629239 0.80851 0.0216894 0.0209013
3 0.433884 0.506722 0.015302 0.0235327
3 0.347475 0.210816 0.0175315 0.0209629
3 0.342882 0.157352 0.0160267 0.0175919
3 0.747733 0.918753 0.0185776 0.017478
3 0.681508 0.791105 0.0194185 0.0247065
3 0.768102 0.869319 0.0173308 0.0239681
3 0.298344 0.190823 0.0178975 0.0249827
3 0.350938 0.429629 0.0209173 0.0338446
3 0.320535 0.175366 0.0147414 0.0227645
3 0.707502 0.833659 0.019151 0.0216811
3 0.956799 0.496283 0.0123337 0.0193309
3 0.808136 0.991569 0.0209791 0.0159065
3 0.655804 0.865864 0.017674 0.0221149
3 0.315919 0.182989 0.0140935 0.0214875
3 0.745511 0.992862 0.0205433 0.0142753
3 0.644831 0.980881 0.0186168 0.0234708
3 0.66093 0.922945 0.0240508 0.0244761
3 0.658345 0.974967 0.0198114 0.0239926
3 0.327668 0.175214 0.0152016 0.0237787
3 0.321256 0.227543 0.0137424 0.0225813
3 0.314615 0.13115 0.0135982 0.0188079
3 0.915976 0.466096 0.0142191 0.0182539
3 0.619966 0.859473 0.0210392 0.0230645
3 0.66927 0.770465 0.0188414 0.022107
3 0.666381 0.396174 0.0160666 0.0209198
3 0.232806 0.903432 0.0173964 0.0190032
3 0.419578 0.508023 0.0168524 0.0276765
3 0.961376 0.783412 0.0250759 0.0352641
3 0.607771 0.639377 0.0178704 0.0207356
3 0.0131704 0.715535 0.0155896 0.0166449
3 0.911083 0.990534 0.0153289 0.0183937
3 0.298597 0.870301 0.0172731 0.0245786
3 0.58801 0.815534 0.0179369 0.0216754
3 0.722451 0.950156 0.0188106 0.0225127
3 0.271245 0.191478 0.00936441 0.0174088
3 0.306572 0.135744 0.0174191 0.0203072
3 0.281884 0.189285 0.0137183 0.0204786
3 0.662606 0.971334 0.0174362 0.023001
3 0.625801 0.731302 0.0220379 0.0259336
3 0.327347 0.993363 0.0140917 0.0132745
3 0.226603 0.340281 0.0173916 0.0203635
3 0.233042 0.251013 0.0147404 0.0209477
3 0.614016 0.78372 0.0173601 0.0200592
3 0.770208 0.94016 0.0227345 0.0282318
3 0.955328 0.737982 0.0200714 0.0189385
3 0.614067 0.85577 0.0204472 0.0209572
3 0.715855 0.973356 0.0144944 0.0225969
3 0.715655 0.969732 0.0172202 0.0242777
4 0.326493 0.579724 0.0183599 0.0313822
3 0.640752 0.829583 0.0192808 0.0200391
4 0.479423 0.549867 0.0163235 0.0242132
3 0.162803 0.137836 0.016346 0.0201559
3 0.70872 0.840416 0.0188816 0.0197906
3 0.804357 0.923058 0.0159292 0.0226351
3 0.967293 0.774546 0.0197288 0.0276815
3 0.672879 0.958814 0.0175557 0.0256808
3 0.792283 0.973318 0.016722 0.0208032
3 0.369729 0.209141 0.0137044 0.0157868
3 0.129513 0.339057 0.0189381 0.0192681
3 0.0110257 0.714505 0.0181833 0.0179166
3 0.0973942 0.770534 0.0174125 0.0164275
3 0.722164 0.955114 0.0213099 0.0297734
3 0.982086 0.714156 0.0157837 0.0200283
3 0.584924 0.807535 0.0183615 0.0225679
3 0.301287 0.192338 0.0144193 0.026399
3 0.022503 0.750756 0.0145532 0.0192691
4 0.807838 0.889084 0.0161781 0.0322612
3 0.366599 0.431054 0.0094963 0.0225401
3 0.270464 0.924196 0.016246 0.0198517
3 0.6431 0.806554 0.0139993 0.020904
4 0.592904 0.730171 0.0173513 0.0310768
3 0.318039 0.858095 0.0160089 0.0228854
3 0.993981 0.527795 0.0106513 0.0219485
3 0.831768 0.925249 0.0210373 0.0257351
3 0.364272 0.115242 0.016136 0.0131505
3 0.895064 0.844565 0.0165396 0.024323
3 0.735016 0.975195 0.0141014 0.0203884
3 0.638474 0.831116 0.0183151 0.018709
3 0.0845862 0.743442 0.0188267 0.0148222
3 0.0826085 0.696829 0.0188345 0.0176163
3 0.303579 0.180084 0.0140314 0.0232284
3 0.0564729 0.775791 0.0173421 0.0216879
3 0.888462 0.991529 0.0209942 0.0169416
8 0.549196 0.842797 0.031572 0.0404558
3 0.328978 0.120262 0.0145522 0.0214545
3 0.333448 0.503113 0.0142638 0.0171404
3 0.351728 0.100807 0.0159902 0.0154492
3 0.220204 0.922479 0.0168789 0.0190787
3 0.346279 0.677643 0.0125341 0.0248426
3 0.969883 0.629149 0.0174843 0.0211292
3 0.647039 0.920512 0.0191225 0.0274717
3 0.633808 0.89298 0.0168327 0.0297869
3 0.938153 0.330994 0.011792 0.0141964
3 0.639453 0.989734 0.0181225 0.0198219
4 0.792005 0.881596 0.0231288 0.0291414
3 0.34654 0.0921277 0.0173613 0.0167785
3 0.912095 0.861388 0.0227691 0.0230076
3 0.353196 0.42617 0.0218701 0.0365283
3 0.319361 0.852637 0.0166332 0.0294176
3 0.027578 0.67836 0.0142383 0.016528
3 0.363997 0.190805 0.0147532 0.0169691
3 0.723371 0.863824 0.0202222 0.0255328
3 0.120697 0.41947 0.0134335 0.0193517
3 0.310527 0.136668 0.0121894 0.0193161
3 0.182563 0.358537 0.0156536 0.0179929
