4 0.391273 0.765353 0.0279969 0.0464431
4 0.575564 0.356142 0.0472231 0.0628307
4 0.793931 0.745472 0.035547 0.045542
3 0.67421 0.469389 0.0341122 0.0368936
4 0.982399 0.475559 0.0239548 0.0590058
3 0.203986 0.616436 0.024127 0.032241
3 0.175744 0.717806 0.0322496 0.0364632
3 0.214002 0.365719 0.0211872 0.0290001
8 0.276393 0.425037 0.0387822 0.0594735
4 0.227887 0.436182 0.0235556 0.0401226
3 0.552462 0.0386109 0.0311983 0.0261499
3 0.172534 0.474463 0.022178 0.0287287
8 0.295829 0.445852 0.044317 0.0686599
3 0.48157 0.330871 0.0324501 0.02951
