8 0.425981 0.635367 0.0450581 0.0476103
3 0.324033 0.193797 0.01891 0.0125288
3 0.644292 0.773297 0.0197155 0.0161256
3 0.504902 0.971784 0.0239817 0.0157993
3 0.267875 0.232663 0.0180927 0.014083
3 0.398124 0.519507 0.0197374 0.0143393
3 0.290915 0.270175 0.0173879 0.0150845
3 0.548417 0.93365 0.0269093 0.0199333
3 0.231904 0.305647 0.017538 0.0134983
3 0.6702 0.946465 0.0251509 0.0156983
3 0.541378 0.0417797 0.0234319 0.0140539
3 0.488902 0.0808118 0.021583 0.0157668
3 0.563144 0.876634 0.0228634 0.0151837
3 0.543277 0.728466 0.0180771 0.0146801
3 0.655679 0.0440881 0.0236908 0.0120844
3 0.624519 0.661827 0.0183333 0.0145556
3 0.265602 0.316125 0.017879 0.0132559
3 0.466457 0.7307 0.0182721 0.015314
3 0.378787 0.0974825 0.021764 0.0125524
3 0.464167 0.581399 0.0211658 0.0164869
3 0.360185 0.240543 0.0166446 0.0118825
3 0.671357 0.869346 0.0205081 0.014917
3 0.561649 0.618932 0.0190448 0.0145966
3 0.712852 0.76429 0.018112 0.0157402
3 0.543216 0.445605 0.0189202 0.0127802
3 0.450849 0.154353 0.0190262 0.0134547
3 0.63412 0.813949 0.0176655 0.0155897
3 0.459232 0.695945 0.0187648 0.0141586
3 0.516029 0.930234 0.023292 0.0169767
3 0.413974 0.160542 0.0216861 0.0159225
3 0.551154 0.106842 0.0229337 0.0116629
3 0.584211 0.603305 0.021719 0.0143797
3 0.637024 0.682079 0.0189572 0.0170982
3 0.599468 0.496601 0.0207364 0.0140114
3 0.549621 0.567083 0.0177724 0.0142752
3 0.0329563 0.24069 0.0201603 0.0136757
3 0.446357 0.186099 0.0187456 0.0142656
3 0.342261 0.382392 0.020009 0.0137587
3 0.359316 0.482166 0.0221426 0.015132
3 0.402869 0.606001 0.0238935 0.015917
3 0.632334 0.988012 0.0274069 0.0203915
3 0.256983 0.208216 0.018228 0.0129519
3 0.0243675 0.341492 0.0200733 0.0199394
3 0.392326 0.234783 0.0183771 0.0154764
3 0.411068 0.0708704 0.0175803 0.0121803
3 0.498422 0.872523 0.0224722 0.0176557
3 0.0711972 0.261542 0.017257 0.0148499
3 0.467133 0.981309 0.0244993 0.0165546
3 0.429051 0.516563 0.0211336 0.0142078
3 0.508909 0.116255 0.0121203 0.0106257
3 0.67487 0.544594 0.0195164 0.0138754
3 0.566015 0.084036 0.0210505 0.0110611
3 0.642219 0.711977 0.0186019 0.0154404
3 0.447669 0.498184 0.0206124 0.016516
3 0.638145 0.524036 0.0191882 0.0129277
3 0.364188 0.738251 0.0276621 0.0150462
3 0.707346 0.590137 0.019382 0.0164347
3 0.487776 0.511164 0.0214793 0.0154939
3 0.294665 0.193135 0.0204055 0.015345
3 0.374206 0.209513 0.0168399 0.0136202
3 0.162495 0.39863 0.0203897 0.0161652
3 0.184208 0.501806 0.0181933 0.0149292
3 0.496958 0.619054 0.0192574 0.0142407
3 0.297661 0.237074 0.0168981 0.0138995
3 0.619361 0.930089 0.0231895 0.0166021
3 0.255545 0.354055 0.0211443 0.0129622
3 0.172509 0.531051 0.0206147 0.0169964
3 0.294612 0.140032 0.0212479 0.012303
3 0.862462 0.722826 0.0209555 0.017857
4 0.475473 0.906934 0.0232613 0.0169723
3 0.528049 0.548926 0.0207384 0.0129917
3 0.62931 0.558899 0.0198843 0.0139332
3 0.209071 0.237254 0.0203046 0.0171531
3 0.700645 0.879061 0.0201545 0.0163925
3 0.256484 0.689825 0.028157 0.0181482
3 0.366571 0.114404 0.0184676 0.0112912
3 0.548636 0.659481 0.0176265 0.0171516
3 0.847028 0.683454 0.0190427 0.01514
3 0.406339 0.744133 0.0239886 0.015761
3 0.261341 0.496436 0.0250917 0.0135407
3 0.516358 0.0940989 0.0214743 0.0118574
3 0.362163 0.13994 0.0183063 0.0111848
3 0.325291 0.395849 0.0201553 0.0153686
3 0.393662 0.429067 0.0228142 0.016547
3 0.433451 0.0925516 0.0196214 0.012813
3 0.864369 0.911776 0.0276418 0.0154293
3 0.243802 0.335071 0.0179323 0.0131546
3 0.714977 0.734981 0.0189983 0.0146925
3 0.555339 0.837181 0.0218201 0.0160305
3 0.744893 0.764467 0.016531 0.0178289
3 0.5321 0.689514 0.0196284 0.0155918
3 0.488604 0.924959 0.0245064 0.0155479
3 0.237666 0.369948 0.0208873 0.0128124
3 0.646814 0.738054 0.0186327 0.0152198
3 0.13168 0.47872 0.0235026 0.0206324
3 0.617956 0.256606 0.0202083 0.0222436
3 0.608455 0.627518 0.0181276 0.0148283
3 0.579433 0.750927 0.0171188 0.0158343
3 0.197209 0.270751 0.0198665 0.0175745
3 0.400209 0.211931 0.0162106 0.0144236
3 0.313647 0.349411 0.0202636 0.0159064
3 0.44581 0.259111 0.0176364 0.0145792
3 0.506779 0.588181 0.0181595 0.0140249
3 0.395 0.139337 0.0244134 0.0120228
3 0.422258 0.181402 0.0175106 0.0131869
3 0.652546 0.0136203 0.0266701 0.0149023
4 0.712978 0.705393 0.0196816 0.0180507
3 0.468427 0.409496 0.0204755 0.0165298
3 0.301685 0.371539 0.0206227 0.0143746
3 0.426806 0.366379 0.0169142 0.0131724
3 0.781044 0.745748 0.0196383 0.0151821
3 0.315938 0.150483 0.0261565 0.0159349
3 0.561833 0.418773 0.0240539 0.0116368
3 0.690385 0.0427287 0.0198727 0.0120991
3 0.484391 0.451059 0.0207671 0.0146614
3 0.592631 0.824462 0.0209388 0.015902
3 0.515863 0.642207 0.0219843 0.0162606
3 0.293951 0.310148 0.0188828 0.0180785
4 0.193257 0.556762 0.0232152 0.0230171
3 0.519394 0.568317 0.0191981 0.0140425
3 0.591345 0.00453828 0.0268458 0.0085133
3 0.828077 0.873089 0.0234645 0.0192921
4 0.738687 0.659045 0.0177611 0.0162226
3 0.481704 0.0425622 0.0207529 0.0110953
3 0.591122 0.547733 0.0217731 0.0167658
4 0.780624 0.784891 0.0193887 0.0167201
3 0.610118 0.72191 0.0199348 0.0175399
3 0.361316 0.576448 0.0240661 0.0133657
3 0.449891 0.474857 0.021058 0.0133215
3 0.432459 0.11014 0.0199027 0.0130816
3 0.649832 0.599578 0.0233344 0.0181225
3 0.384072 0.265122 0.0212508 0.0192934
4 0.699658 0.621365 0.0225949 0.0164865
3 0.606307 0.866118 0.0238327 0.0163567
3 0.673417 0.389634 0.0217463 0.0131009
3 0.609011 0.786061 0.0212065 0.0207331
3 0.681808 0.124255 0.0190521 0.0124591
3 0.656968 0.178066 0.0199883 0.0200609
4 0.707145 0.590198 0.0215732 0.0161891
4 0.568196 0.678178 0.0188886 0.0211229
4 0.12587 0.357361 0.0240202 0.016019
4 0.224337 0.456534 0.024394 0.0207331
3 0.793727 0.96577 0.0268629 0.0181953
3 0.78119 0.784771 0.0198653 0.0176126
3 0.604933 0.690825 0.0176391 0.0161756
3 0.425063 0.228285 0.0198791 0.0137166
3 0.67795 0.0239353 0.0262688 0.0128433
3 0.171285 0.042543 0.0276822 0.0115295
3 0.466276 0.12416 0.0209203 0.0130246
3 0.675835 0.392977 0.0227179 0.0155311
3 0.476205 0.906288 0.0238716 0.0173893
3 0.260123 0.297302 0.0200745 0.0125719
3 0.443943 0.0574245 0.0198513 0.0144662
3 0.554975 0.517814 0.0219086 0.0173237
3 0.613694 0.536755 0.021947 0.0136306
