8 0.225226 0.824083 0.0408485 0.0511831
8 0.157545 0.885069 0.0652738 0.0718295
3 0.378796 0.827292 0.0193512 0.0233416
3 0.509967 0.914301 0.0207513 0.0254844
3 0.49904 0.845465 0.0170589 0.0235479
3 0.271076 0.884447 0.0286322 0.034013
3 0.223481 0.910576 0.0273684 0.0331389
3 0.308902 0.875484 0.0258275 0.0270334
3 0.228054 0.876149 0.0195774 0.0211246
3 0.383362 0.757033 0.015213 0.0186603
3 0.299821 0.856445 0.0280659 0.0247573
3 0.549101 0.972732 0.0351976 0.0284379
3 0.28683 0.904352 0.030141 0.0304174
3 0.400762 0.760806 0.014525 0.0199368
3 0.366227 0.77813 0.0160929 0.0206275
3 0.157935 0.844386 0.0274304 0.024941
3 0.343707 0.69358 0.0131711 0.0134728
3 0.863863 0.789696 0.0325132 0.0154326
3 0.11456 0.907217 0.0224492 0.0253594
3 0.308033 0.809754 0.0175843 0.0204282
3 0.363891 0.851104 0.0215475 0.0226157
3 0.401334 0.732474 0.0129707 0.0187415
3 0.370999 0.673312 0.0121858 0.0136913
3 0.351922 0.793434 0.0169759 0.0216458
3 0.27224 0.80651 0.0170511 0.0229887
3 0.267885 0.773115 0.0182872 0.0220886
3 0.206074 0.87498 0.0236132 0.0243906
3 0.918309 0.744389 0.0144632 0.0174707
3 0.371713 0.796333 0.01825 0.0230026
3 0.407884 0.655311 0.0126752 0.0136893
3 0.4043 0.692376 0.0155114 0.0140496
3 0.334781 0.770065 0.0158971 0.020184
3 0.253497 0.823468 0.0217344 0.0246661
3 0.390743 0.674435 0.0153506 0.0143373
3 0.317865 0.834571 0.0208283 0.0243579
3 0.350212 0.753969 0.0154033 0.0168401
3 0.320872 0.758216 0.0151463 0.0182812
3 0.334307 0.739736 0.0138307 0.0194419
3 0.328666 0.693982 0.0118795 0.0149064
3 0.292913 0.808122 0.0188967 0.0201547
3 0.283503 0.777879 0.0182964 0.0212193
3 0.32298 0.793547 0.017134 0.0202698
3 0.292696 0.832443 0.0229452 0.023542
3 0.316628 0.829646 0.019796 0.0261329
3 0.389582 0.707264 0.0129397 0.0168736
3 0.334325 0.815469 0.0163431 0.0201024
3 0.452103 0.629692 0.0138423 0.0130059
3 0.380659 0.708355 0.0180771 0.0174635
3 0.420991 0.642781 0.0101799 0.0111061
3 0.513698 0.705202 0.011948 0.0166548
3 0.307987 0.825557 0.0190402 0.0215609
3 0.254688 0.791779 0.0198481 0.0215395
3 0.334112 0.763895 0.0150429 0.0222267
3 0.298692 0.728653 0.0148626 0.0155193
3 0.293759 0.792257 0.0171485 0.0203308
3 0.38806 0.685107 0.013757 0.0153811
3 0.367524 0.72984 0.0160826 0.0181161
3 0.315425 0.74004 0.018412 0.0170044
3 0.37373 0.793916 0.0207994 0.0248461
3 0.373116 0.657099 0.0124768 0.0140687
3 0.34605 0.723466 0.0152052 0.0159007
3 0.311875 0.741184 0.0161819 0.0170746
3 0.174914 0.901639 0.0281065 0.0273264
3 0.304184 0.760585 0.0156691 0.0196638
3 0.33581 0.728894 0.0135632 0.0151302
3 0.34558 0.741261 0.0161407 0.0170695
0 0.288776 0.94362 0.00688993 0.0237823
3 0.280204 0.811434 0.0167918 0.020735
3 0.381142 0.690719 0.0137011 0.0131785
3 0.392528 0.688952 0.0124287 0.0121904
3 0.255197 0.772973 0.0178164 0.0186954
3 0.429049 0.661023 0.0171988 0.0131406
3 0.297429 0.776361 0.0161288 0.0206333
3 0.302263 0.773618 0.0171779 0.0224287
3 0.336722 0.926207 0.0212551 0.0267682
3 0.423581 0.657178 0.0132659 0.0128387
3 0.0149523 0.90547 0.0296467 0.0259048
3 0.282053 0.755201 0.0170384 0.0164338
3 0.416899 0.67617 0.0138518 0.0179614
3 0.248275 0.879945 0.0275127 0.0299407
3 0.364391 0.697328 0.014684 0.0150127
3 0.235578 0.844553 0.025295 0.0270352
3 0.28949 0.824767 0.0221135 0.0250725
3 0.340831 0.839263 0.0208514 0.0239821
0 0.0424756 0.965746 0.010447 0.0293802
3 0.408762 0.651983 0.0130497 0.0143384
3 0.277229 0.837434 0.0176021 0.0232145
3 0.30138 0.730285 0.0152174 0.0172087
3 0.449708 0.626977 0.013849 0.0113738
3 0.436806 0.641727 0.0131731 0.0120086
3 0.471444 0.622033 0.0106243 0.0123654
3 0.364888 0.707721 0.0129712 0.0148239
3 0.283497 0.787527 0.0234493 0.0205522
3 0.338324 0.814267 0.0221052 0.0214871
